320
48 73
3308 3501 696 1889 734 523 307 3255 1059 1666 660 2701 3326 1584 395 1363 1380 1870 2883 1110 937 1447 2876 1049 2378 3088 315 1172 1718 977 1864 1343 192 2397 1843 1228 56 2675 375 955 604 1016 60 102 3215 275 1441 1347 273 1527 191 1265 1916 2302 1460 2827 116 874 240 3214 758 2720 3281 3370 196 999 3006 1633 3063 1490 1018 2577 1674
862 2370 1768 575 3310 2363 2543 1373 449 426 2013 223 1180 2833 1372 450 1562 1991 2443 3471 2739 1453 1888 2775 1419 309 1533 1483 2691 3302 1602 2838 1788 408 262 3364 939 2249 2026 2440 3450 330 1251 3098 1472 2667 1643 993 2096 282 1920 1209 3124 286 816 1035 2367 946 303 1088 2571 499 2197 3159 2562 95 1082 2322 3171 3102 2684 2671 285
2877 1249 2751 1879 3443 3119 913 1020 810 1434 2050 1795 1582 1344 1091 856 2539 5 2896 869 2585 1488 779 2554 469 651 3435 2173 2390 2644 1968 1349 1096 1060 81 625 1308 259 678 3253 2642 3099 2585 3329 593 573 3330 722 267 219 1340 504 2647 3297 2003 339 96 265 2050 251 1431 3203 103 513 529 2161 574 1329 1154 2574 3390 2038 1003
1879 1978 2636 2159 1098 863 3104 2062 11 1573 244 2855 978 1719 1103 942 1240 2902 383 1530 762 2442 190 763 1567 583 3185 795 500 3218 1729 525 2571 3441 1198 1277 1152 807 58 3028 1910 2918 1394 3211 2654 2589 603 354 2405 1199 2711 1486 80 1348 1624 2788 2570 1250 336 1169 93 2748 1283 2001 2846 931 566 2630 585 3213 2463 1217 786
1285 2393 1751 2174 1956 26 1954 668 1139 1147 305 699 1506 1881 651 297 295 1103 2564 142 3101 1959 243 354 1543 2718 1193 1775 2423 2824 2118 2979 3402 2074 2066 2799 2272 2904 182 113 2510 2811 442 1139 2693 1315 3122 993 939 2551 955 2405 2113 1212 3320 3278 64 1436 847 3112 3214 630 3496 617 2926 3303 915 3476 2666 711 2341 1696 2558
1105 3351 1419 145 1454 471 1869 3300 2780 1712 1792 1276 422 1112 72 3087 849 3416 1851 2097 2683 2256 952 1555 447 982 2166 2344 1150 2474 3080 819 1566 2943 56 1364 1695 988 2554 3133 2498 3154 3091 2034 1220 1417 422 1099 299 762 3186 698 2463 3166 3312 839 518 1799 1712 2241 625 1327 2328 2215 1592 1164 2413 3298 3187 2743 1106 8 1584
3410 2224 2466 2662 2201 2493 2508 1087 11 3203 945 3471 166 2541 1123 1441 2063 2143 1431 2143 1700 1927 374 3193 2868 364 1646 417 1516 732 2383 217 68 3214 2580 171 2965 956 2251 491 3220 2529 2221 2661 552 440 3236 215 2626 1636 530 2857 1836 610 711 2662 656 874 3238 1099 1708 2253 177 2018 3373 2761 3291 1096 750 2496 615 1928 3078
815 281 2965 648 564 1760 2893 747 794 3190 2097 2153 2796 506 2941 2790 3463 1009 2097 1289 1057 2941 2926 2282 1392 3269 3228 2512 2435 3348 2388 693 2123 1007 1585 1347 2085 380 2769 2120 1781 2469 423 3207 3000 986 504 824 706 650 724 1014 1352 3367 2789 3151 986 753 799 3138 3401 1993 1325 1310 2978 2966 3010 436 2192 2944 1929 930 2599
571 1313 3081 1329 1588 41 2008 1942 1309 1369 2651 3047 440 662 81 2803 58 3477 3052 2495 479 2243 1712 2535 2225 3206 176 3395 2611 1463 2634 2400 1528 603 2423 2460 1631 2164 3028 2507 249 939 226 2819 2373 3165 1090 3477 1289 1829 3408 2391 764 2538 3117 300 1058 2873 1776 2455 2565 180 369 2764 107 1066 1988 2101 2791 3423 1924 1416 567
2187 132 3432 1903 412 2191 316 3257 1603 1732 1606 1443 2070 90 1128 2504 1214 529 1184 3448 678 1659 2160 2828 2626 320 879 1107 3144 2988 2612 274 2698 2558 2961 1667 2572 943 2700 3471 2866 2980 2654 1394 2251 2241 2483 1738 1080 2410 3504 2787 2628 3275 122 717 2132 3172 198 539 19 905 2954 575 3410 2336 471 2248 249 312 1212 1854 2754
3132 2919 2174 3199 1290 273 2853 3394 1734 1703 2931 294 1375 294 1994 277 1157 525 520 2931 2138 1839 2744 1004 1529 77 3428 1365 442 1642 1731 2194 3415 2091 583 773 3458 1613 2472 2284 556 292 2138 2976 428 2354 2590 3118 207 327 2965 1010 954 2218 84 3350 61 2670 584 2682 3223 2744 2264 1940 1720 3347 1252 2009 2784 3327 2553 3316 2801
432 2383 3326 2392 1293 1916 2790 2096 309 3492 2804 3333 3234 2260 1 2073 1523 1865 353 844 2535 2566 2211 1235 1942 1630 2216 2907 2607 869 373 596 2789 2500 3419 503 1098 349 329 941 966 356 56 2364 937 1846 1969 864 2887 1912 1689 523 245 148 490 567 2547 2161 2156 1139 1205 1748 2600 2165 2782 215 2155 1623 1909 2105 2373 681 630
1522 2273 401 3171 2856 1664 2476 2315 2100 1549 1108 808 681 340 2857 1340 2491 1185 1578 3351 698 3051 2182 198 1945 2652 288 2250 1271 2853 195 957 809 2619 1776 2700 2337 2825 32 2582 1166 3199 762 728 2536 248 1468 1862 724 2111 3331 2269 300 1896 174 3380 27 591 169 111 1400 2831 1094 2725 2258 1855 573 1617 2665 2555 1911 782 2912
3496 1727 855 193 1762 3175 3137 3412 1054 2642 1913 294 1368 3344 209 726 618 2821 2723 3428 967 2276 2149 3161 800 2863 2851 2909 494 3296 2972 3371 2667 229 2337 9 1212 2316 2147 3125 257 1265 3279 3221 1263 3248 2009 2333 657 1095 3413 2109 3425 2091 3158 3326 2231 3431 3209 1982 3029 2021 1921 1208 2940 2808 738 3186 2659 398 3109 1978 35
1611 1346 1788 2664 2141 3403 3414 856 363 1384 2271 445 1388 1214 2275 968 1618 276 2255 2000 1469 803 3023 1197 2677 1859 2591 695 1359 2516 3212 2192 304 2609 392 1850 3347 2556 2311 2293 1200 2211 781 2700 1989 1101 654 3249 3252 446 3481 3455 2734 1600 3053 570 2818 2735 2501 1999 1166 425 1908 2572 1711 1332 2245 1061 850 563 2342 1624 2605
726 1946 2252 2187 1316 3504 2065 424 935 3016 3456 651 2797 1134 450 630 3260 1232 1487 2179 1659 3276 274 1943 1489 1176 2960 385 161 2297 2066 3302 675 1200 3164 1662 3352 814 3462 187 2935 1314 1544 1415 585 2425 3229 611 3405 983 296 2919 2978 13 939 2693 3371 1604 2655 2676 2349 1132 1424 829 1839 3181 1907 1415 584 22 478 1749 608
3115 558 3501 1380 3215 2293 860 3031 3135 3461 372 1172 32 350 1866 411 1746 129 632 2658 337 3483 1447 3447 426 253 1468 552 3126 1190 450 2646 2110 3398 2250 662 2559 163 319 1807 3247 210 2550 203 236 200 1143 1782 961 3071 240 1713 428 1128 2349 560 1909 2891 525 1942 1014 4 2607 3306 2485 2767 3248 394 2840 370 3040 3208 2414
3000 1749 1233 3024 2826 341 1427 2260 2180 2522 534 601 1238 1164 1516 3381 236 1466 2384 2195 1974 308 1970 335 2791 860 1765 3130 1205 180 849 1215 1098 1646 2997 2404 3165 535 1607 3034 476 763 202 3404 1100 2656 2889 3362 3088 1646 1932 1681 3293 235 3475 988 3262 1184 2329 2756 2752 3078 628 1186 1298 620 3025 219 982 1732 3465 2175 3315
115 1933 1214 56 3251 2366 2416 1505 1214 2127 394 821 3306 3 1715 139 1932 2255 2883 2160 2625 1269 1831 2486 2651 3033 1369 337 2430 1829 1443 921 26 2532 1059 827 146 554 1168 2314 2858 973 1862 291 2757 3468 380 2399 2844 2902 3460 1572 3401 650 2469 2464 3376 512 214 434 2386 3169 3437 3055 928 3271 2515 2733 116 2458 802 827 2892
484 571 1172 337 2772 2989 609 2062 477 2031 531 1151 2918 1090 1917 3355 318 806 898 850 3456 2838 2641 1995 1809 1633 3055 1570 3233 635 3420 1542 2478 2319 375 3319 2006 2066 1687 3107 3277 438 467 925 2136 638 975 723 2733 722 2811 2723 2971 722 2141 1397 892 2113 1433 1489 3248 740 3374 589 2574 2607 2474 1731 582 2512 2331 596 880
2205 2346 2415 3355 1312 2541 3492 1383 761 198 1295 2840 3264 1653 2245 3100 401 1943 2583 3045 2369 2390 3487 1411 3372 106 2164 749 2790 811 346 452 2885 495 3047 1496 1404 1886 1650 2157 1953 2637 3222 2304 2225 1951 870 1973 1256 548 3002 512 1878 3478 3364 444 1873 1818 416 128 1827 2778 3399 1293 2749 772 2979 1094 1146 165 1895 3138 2436
2029 543 941 1636 52 1225 447 810 3013 967 2616 1483 360 1791 426 1736 1310 819 493 1667 247 579 546 1974 2960 839 3430 2690 3161 2872 3209 2944 1182 2994 3248 332 1244 3456 1332 311 1900 1476 3016 353 815 3501 2667 1550 649 740 2350 2382 3118 188 2218 3305 1208 1869 2356 193 775 1502 535 2467 339 257 377 2462 1278 3177 818 745 298
2202 192 3455 1648 913 1075 970 532 490 498 2850 1367 2034 2739 1069 751 1902 1918 2128 3438 1756 3152 2465 2660 2269 2614 860 1069 3037 2198 632 2869 2255 2931 3351 1553 2414 3148 1315 2582 1506 3455 589 1199 842 2628 1133 2426 2757 1603 1428 1647 1394 3049 2044 3220 966 198 2002 1464 927 1391 1589 2821 3389 2906 2401 2295 1266 485 341 2052 2621
3181 3284 529 1573 3019 1703 2595 1313 75 2624 649 395 1345 701 2515 530 1812 1005 1735 1387 143 2371 1879 2702 959 1817 1098 575 1539 1324 298 3144 2865 2712 2395 1094 3284 1477 3502 2150 18 1588 3254 2210 2963 653 121 2167 636 3012 1677 409 2337 1186 2071 1979 2699 506 1405 207 598 2427 806 1850 1855 1169 2952 2777 1245 810 1761 497 758
710 3232 2722 1472 3319 2507 595 992 2002 2947 1207 1844 1839 1435 2535 1298 2918 1180 698 2223 1997 319 1813 899 2926 417 3141 9 198 3478 3227 3421 809 245 2166 3493 1077 3185 812 1001 821 1295 2253 2757 1497 1259 2184 1813 797 300 1942 3371 832 2405 215 1348 2618 3481 2115 989 827 1218 306 548 477 2789 2621 1180 2582 2141 3040 1189 2857
3175 1860 3394 202 814 137 525 2457 231 1549 1913 248 3389 3471 1986 625 3039 2305 2645 3321 2931 2336 3343 789 2889 2879 688 3503 1584 351 684 1629 3244 1349 1391 231 1343 1841 2430 848 915 1858 1811 2294 519 2910 771 1806 1581 1306 2373 2067 2085 3300 3113 2895 117 3501 3219 1934 2659 3480 2572 2448 230 1042 3397 438 558 1109 682 983 1661
1477 2994 1425 3075 1177 1358 894 1635 1277 444 1016 2908 1431 2292 3036 2011 881 618 303 1746 3016 662 2180 1895 3117 675 2624 444 2068 2850 3422 2886 1891 60 3103 2540 1052 2654 995 3125 3180 203 1895 2088 1447 2604 2859 1190 2847 3243 3161 3051 626 2933 1265 1708 691 76 905 1400 1513 981 833 1170 1767 600 2854 1668 3463 1645 2024 190 1259
836 3324 2316 1499 89 988 66 1085 2297 1433 1322 773 1143 338 1001 1951 2238 17 2492 1636 657 3330 491 2883 1535 2903 1110 1653 1514 1297 2826 3164 3473 399 1519 255 780 3485 1895 319 2553 1441 42 3034 2814 385 667 310 1697 2771 1713 3010 2414 1979 2839 2160 2330 3385 265 2043 2682 1409 2467 3083 1256 2686 3122 1784 261 1364 1962 2065 1536
1698 1062 3122 2990 2558 3496 1566 1800 453 403 3298 387 2998 932 1708 905 559 836 413 379 348 2696 3124 1675 3300 1374 1319 350 389 3276 632 2239 1352 263 3131 3049 1067 474 2542 1130 2917 560 222 3283 1898 149 980 2858 3417 1848 1361 2389 1782 3056 654 2501 2458 1176 3498 835 3483 2116 3373 1212 880 2935 17 3491 761 1119 3166 3363 1095
1032 1955 2155 2247 1079 3481 54 1329 986 1127 3434 1356 3097 1109 1859 1429 3137 2310 1074 1744 681 1747 3453 1956 336 3368 2489 861 3329 328 1370 340 1510 144 2086 1961 1605 1137 2283 2868 1666 3003 3236 2885 1850 903 610 1209 3211 761 3364 1406 939 3008 3167 153 3129 1719 462 2690 732 593 3137 880 3496 334 2152 342 621 91 1427 3395 3495
2084 1200 3397 215 3235 3362 2751 2506 3142 1731 2961 1272 1759 698 3144 426 2000 3221 3317 1588 3358 1131 902 277 2496 2215 1665 2151 50 3126 1349 1938 1607 3069 1766 3396 2834 464 1387 1950 1712 403 1894 3076 2028 2545 420 2743 2908 1371 264 1557 994 1267 2336 2204 1975 265 2140 3187 129 3387 469 1051 1798 2811 2599 2812 723 2181 1819 1328 2833
2446 3092 2431 2214 757 972 3028 3371 433 2503 76 2441 3240 2067 402 953 1299 1332 1369 1084 1959 653 1771 3418 900 1786 2234 377 2797 3238 2980 2568 1485 3276 2212 2221 2244 1947 1418 2746 1347 2270 1167 510 1293 3317 640 3496 3191 2886 3406 1371 1245 2524 1240 915 2369 531 2199 2126 2852 3038 1447 2114 2231 2972 1953 1062 1713 1034 804 3090 1519
2614 1656 1891 1154 3277 1554 181 3056 3246 636 2381 2878 2927 402 2840 2804 1529 2112 3096 928 2341 2318 3300 1836 1639 1764 1463 1398 1767 417 688 1696 3124 1038 3014 273 2188 2889 3500 1758 2959 2319 699 1792 2695 3200 378 111 1138 2137 2474 410 1938 2198 2205 2149 3065 3023 3308 571 93 1560 2346 237 2072 2214 2393 2338 1576 576 2511 257 1485
1509 1443 2548 2184 673 763 2830 3409 2962 278 517 71 1793 1126 547 649 2442 3194 1284 422 1423 3400 2790 2721 1508 2764 1127 2481 2085 1832 783 2624 786 1543 270 1029 1663 3043 1099 1988 2521 444 2664 2640 1908 1573 2777 2642 1519 2294 2971 645 1629 3073 3143 2340 668 752 845 313 1354 1881 1157 3374 2580 971 2237 1286 679 1725 3159 318 202
1690 2381 2072 3096 2622 443 1408 3107 1816 2915 1440 484 2737 1061 2344 2841 2943 2016 2001 381 1676 2589 1343 3178 3307 33 346 3317 2064 2092 3192 1950 382 2204 194 3426 2986 3501 1684 639 1961 794 1872 3043 176 3009 367 2850 359 2208 1051 2923 2354 2774 1459 1429 871 3314 2027 1 799 1767 819 2399 962 2526 3442 667 313 983 2707 1336 1310
390 2410 3112 3047 601 578 909 639 2184 71 3484 854 1501 3267 2869 938 967 1993 3331 2523 2300 1703 1411 452 1416 972 1633 3074 257 1562 1745 369 1028 3376 1368 2186 1712 1552 2665 2386 1442 3220 2682 3003 2159 1166 806 3212 2257 1971 3314 3430 473 463 1234 786 718 2650 2552 3010 3340 1893 1231 482 2259 2255 2356 2658 1375 2631 3478 3086 1681
1151 352 87 3074 771 1070 476 3044 1940 1464 1105 1267 1679 3324 750 345 1073 3157 3051 2457 1998 1562 2172 3180 1261 1412 35 2133 72 2987 2660 1309 1553 1485 1342 2561 77 1267 3047 403 41 1779 1835 1310 2813 2795 826 2032 490 2194 2663 2002 772 3370 3342 1212 2073 2546 1537 1437 2178 1043 1292 1493 3079 970 1020 1350 340 1374 2296 2931 988
3045 2617 3359 3290 1207 629 2124 898 661 346 3275 2244 3134 825 370 2129 2532 2249 1653 2835 1771 2425 414 1776 2029 1659 1096 230 728 179 1887 2891 2582 1888 2406 2377 334 3465 1366 1205 1237 2248 1477 1765 9 1241 1006 3172 3400 2371 279 1155 3422 1363 2811 1451 1594 620 309 3459 2071 901 1298 3482 3207 638 1483 3126 1302 3368 1967 1578 405
2009 215 377 1207 1226 2537 1397 1526 1796 2300 891 1451 339 1339 2172 1841 393 2134 587 666 2790 1766 2664 1393 2130 552 2034 1342 1487 2838 485 1587 818 2041 1831 2792 263 187 2169 3266 3116 548 2487 3087 421 2349 1631 31 3296 85 1395 258 1692 999 1163 1129 492 2291 8 196 605 720 2474 3247 2157 1206 594 3465 47 2637 79 3026 2027
1796 1696 1423 74 1709 3084 2005 2616 3028 2945 1787 1609 138 2199 858 3503 688 686 2181 657 2556 235 1651 769 150 3398 1868 3345 2953 353 2062 279 133 1462 1124 1007 1599 1780 910 1141 2602 1528 2785 3106 907 3329 176 3277 3253 565 3310 2336 1363 2290 313 3005 297 2277 2476 1973 3069 754 1351 3073 1752 2406 332 495 1592 925 3358 1694 2220
2021 3499 2392 625 3422 2636 1580 1403 1762 958 1418 111 2913 435 1044 1448 1320 235 1542 1068 1374 1052 1963 1423 595 2013 1036 1257 2270 1354 896 1160 146 1920 1568 968 1225 218 1931 3014 686 1396 158 332 2330 2285 1371 3406 3283 1622 1440 2191 806 1375 2026 2696 3394 1017 3261 499 2675 2180 505 1849 790 1494 1505 3364 2129 2962 2396 3106 1795
163 900 3201 991 2200 2176 3408 2829 1723 1306 1781 3233 2176 1501 729 2682 496 219 808 329 2183 292 531 806 2857 2994 1254 1371 1084 957 554 423 3067 1525 1802 2346 1777 540 1659 1297 3499 1337 2276 347 3324 1178 3403 775 1987 1249 2139 1607 1055 2490 1795 3035 1370 1815 2998 2915 2173 1685 1913 2143 1636 3438 920 1394 900 2320 1846 2588 3454
1705 595 478 1921 592 3281 462 3164 2841 1812 1957 2474 3025 2381 921 3160 500 2043 2403 2203 3472 1222 1677 2753 1673 147 112 2307 3489 1811 2627 930 754 2871 1381 2228 3284 2257 2520 3362 405 3254 1803 3365 1310 153 594 2324 239 994 2350 705 2231 1844 1147 1057 606 3198 586 2240 3179 1039 1920 1148 1922 703 2200 2467 901 2427 1197 1224 107
173 1748 3044 2856 3117 1552 1641 3467 1884 1727 3388 1399 1636 747 1184 69 177 1594 1229 394 1706 1986 1579 3151 3117 1962 3176 3301 3394 1462 3154 3432 793 2147 1369 3096 2184 3477 2023 578 2564 491 41 3268 3438 2611 3125 3142 3398 1385 1960 1077 902 1597 1397 1761 2212 2948 3142 1114 1427 146 1094 1816 1453 2501 574 1577 440 1285 2429 1580 3373
2469 2026 2348 3377 301 1941 21 3144 3431 568 893 2605 3332 1706 2123 2063 2847 3234 1728 2615 2104 193 1587 188 1088 723 2073 847 1664 2676 1046 1569 3115 2923 3324 987 1589 2751 2311 1031 400 488 808 3299 2160 1130 511 794 2387 3066 2743 105 2958 376 2650 2162 1307 1835 1265 690 2305 1842 2719 1013 2106 2757 3155 1907 3070 1417 504 2504 1107
3070 714 1754 1395 1755 254 3229 594 2900 2406 678 2201 135 602 1798 2883 25 422 1166 3070 3315 3024 135 201 2803 1867 2928 2925 2997 1659 1900 583 1709 425 2455 3164 178 1628 1269 294 459 3046 2777 2578 3314 427 1530 3161 3074 2403 2514 1746 300 1385 2716 2139 2204 2454 2410 1923 1476 1441 1328 1181 2609 3015 1900 482 1869 1043 2410 129 2786
994 2488 1549 2704 1782 2759 2372 2292 3457 1859 1314 2276 1896 60 2592 686 3473 3169 1362 2135 3434 66 2337 2432 3485 790 1612 832 3426 881 1387 1010 3178 1979 1867 2510 2264 2412 2365 2357 892 1472 866 1552 1763 1246 2642 1741 1137 505 72 418 1653 1108 3257 159 2151 429 1635 51 110 3376 2748 2571 1414 1029 2644 2814 1081 1126 1229 1487 2958
1230 299 384 2431 355 2574 2712 3403 3188 2784 227 3036 1509 2071 2267 2846 1216 2839 2489 545 2274 2316 2318 3303 886 2659 485 551 404 690 766 3054 144 1246 1753 1584 2697 841 1595 2003 2917 4 2476 1780 1358 2014 1577 49 2669 3053 2053 3314 1854 358 101 1990 2254 3134 1553 3386 1954 208 528 2058 706 1198 1053 2148 2115 2279 517 696 1900
3 10
27 10 19 3 22 4 11 21 7 4
3 24 21 13 11 8 28 9 20 23
11 19 14 2 15 13 17 20 4 22
17 62
538 952 605 841 509 41 59 595 417 435 420 995 345 19 365 495 70 1009 54 605 939 328 528 684 236 197 179 989 149 812 260 492 414 218 841 702 969 808 196 972 321 389 98 748 582 162 705 379 386 515 664 58 187 437 58 497 338 671 338 388 72 573
162 948 132 698 597 844 989 672 184 541 680 366 132 1049 684 903 373 672 554 261 800 16 385 441 220 473 905 819 827 121 283 259 652 1039 655 642 1050 903 577 751 1012 107 425 635 934 308 254 461 363 414 734 854 780 886 320 92 1030 419 1024 358 210 966
284 311 125 23 528 691 318 929 425 789 359 448 226 913 70 533 1050 306 555 749 463 959 40 939 678 720 534 825 51 913 922 249 924 1037 836 273 902 760 30 24 95 522 864 705 456 192 949 520 693 812 776 721 749 720 644 117 126 522 398 673 620 897
172 168 752 405 385 365 1007 272 488 291 753 898 191 390 892 477 204 114 264 510 726 958 208 305 502 599 1000 495 975 36 937 874 314 729 961 248 1022 189 359 831 430 290 831 706 67 196 434 807 662 502 762 822 687 326 500 420 107 24 486 143 724 567
897 873 902 553 46 171 244 403 745 121 996 392 1021 542 357 522 81 890 305 333 860 192 123 256 525 372 813 441 795 780 243 624 245 1012 395 915 599 932 142 666 932 873 693 804 252 401 307 582 839 446 399 769 480 1005 373 843 465 925 755 195 287 565
745 507 322 239 331 460 769 341 835 628 623 498 932 46 787 15 101 729 954 274 749 822 22 262 238 168 168 348 527 986 703 464 325 217 560 296 93 592 412 211 1003 306 118 383 645 959 981 416 685 168 950 590 446 932 737 1052 818 201 712 729 171 84
610 598 511 8 711 107 14 520 274 109 603 972 961 963 658 971 1 431 205 128 900 656 199 579 959 363 931 525 652 703 259 735 242 56 662 364 78 1007 927 1043 566 312 111 380 718 460 307 773 655 99 339 664 309 840 454 148 751 869 896 30 585 794
204 183 524 230 650 704 245 844 119 272 921 948 290 843 82 569 185 616 1008 141 758 741 2 979 135 777 296 917 738 725 915 295 143 401 628 576 878 546 491 587 223 578 88 26 146 554 255 788 781 775 854 662 276 1025 432 160 39 352 176 453 823 503
356 492 163 678 373 199 297 540 1020 187 165 69 602 313 148 395 109 124 212 1046 493 23 964 765 735 512 767 835 142 660 356 807 774 432 724 869 183 308 533 308 150 304 661 377 935 742 764 848 968 1025 74 411 887 678 592 521 871 739 635 459 991 482
443 960 655 967 787 121 1024 947 462 730 241 819 109 699 19 828 509 313 366 952 131 611 5 249 588 306 50 469 652 392 793 1013 451 660 445 559 949 634 90 36 515 447 1025 23 371 175 273 771 778 1016 314 707 147 762 452 717 76 902 971 531 1047 888
51 556 88 670 516 291 777 114 598 867 1025 705 996 305 32 878 149 646 908 480 225 777 822 316 203 688 895 105 447 421 225 391 963 185 589 722 890 162 249 107 38 1053 1001 97 197 545 176 969 401 9 909 388 982 235 148 606 142 862 636 542 612 479
187 833 1021 528 664 751 910 733 122 996 303 364 93 128 373 949 844 192 623 821 1031 642 1027 113 339 315 639 875 83 353 166 573 544 740 286 291 994 76 218 507 933 582 309 706 512 295 904 845 397 226 806 478 387 312 551 654 566 123 957 664 692 465
779 283 1005 887 654 187 629 504 541 23 432 395 635 23 574 1052 96 66 1012 91 603 597 167 795 645 335 995 129 357 879 863 1000 840 406 499 61 328 770 738 943 15 398 643 709 284 1006 918 630 195 71 275 868 59 811 682 363 871 414 412 443 68 220
933 1036 707 722 984 281 287 468 655 1003 735 422 779 326 131 906 572 1032 925 485 138 655 535 475 261 912 919 144 1040 293 293 860 700 129 83 418 327 935 235 552 399 724 392 1010 674 290 1031 1014 587 184 368 56 23 285 793 997 763 935 160 682 388 80
653 596 3 572 165 319 264 748 635 22 42 224 423 746 14 810 289 335 616 599 342 870 833 878 583 843 490 250 562 929 190 394 529 610 606 989 370 27 498 997 223 861 226 791 278 797 403 624 317 720 830 322 488 622 246 367 549 552 319 190 741 938
453 293 157 221 588 155 230 393 329 968 148 515 66 200 1017 458 124 534 237 329 806 420 747 441 1053 649 149 802 202 785 340 944 37 558 300 377 159 700 172 794 506 921 66 811 467 694 404 123 73 567 146 387 727 94 333 861 918 1025 494 1053 863 584
640 40 310 550 741 595 318 302 730 78 236 766 900 131 343 384 83 49 923 419 49 279 405 898 624 899 906 819 130 199 611 438 654 127 922 390 984 823 721 261 603 186 604 198 59 194 34 623 223 242 940 382 599 191 776 910 534 240 296 917 829 972
3
48 73
3308 3501 696 1889 734 523 307 3255 1059 1666 660 2701 3326 1584 395 1363 1380 1870 2883 1110 937 1447 2876 1049 2378 3088 315 1172 1718 977 1864 1343 192 2397 1843 1228 56 2675 375 955 604 1016 60 102 3215 275 1441 1347 273 1527 191 1265 1916 2302 1460 2827 116 874 240 3214 758 2720 3281 3370 196 999 3006 1633 3063 1490 1018 2577 1674
862 2370 1768 575 3310 2363 2543 1373 449 426 2013 223 1180 2833 1372 450 1562 1991 2443 3471 2739 1453 1888 2775 1419 309 1533 1483 2691 3302 1602 2838 1788 408 262 3364 939 2249 2026 2440 3450 330 1251 3098 1472 2667 1643 993 2096 282 1920 1209 3124 286 816 1035 2367 946 303 1088 2571 499 2197 3159 2562 95 1082 2322 3171 3102 2684 2671 285
2877 1249 2751 1879 3443 3119 913 1020 810 1434 2050 1795 1582 1344 1091 856 2539 5 2896 869 2585 1488 779 2554 469 651 3435 2173 2390 2644 1968 1349 1096 1060 81 625 1308 259 678 3253 2642 3099 2585 3329 593 573 3330 722 267 219 1340 504 2647 3297 2003 339 96 265 2050 251 1431 3203 103 513 529 2161 574 1329 1154 2574 3390 2038 1003
1879 1978 2636 2159 1098 863 3104 2062 11 1573 244 2855 978 1719 1103 942 1240 2902 383 1530 762 2442 190 763 1567 583 3185 795 500 3218 1729 525 2571 3441 1198 1277 1152 807 58 3028 1910 2918 1394 3211 2654 2589 603 354 2405 1199 2711 1486 80 1348 1624 2788 2570 1250 336 1169 93 2748 1283 2001 2846 931 566 2630 585 3213 2463 1217 786
1285 2393 1751 2174 1956 26 1954 668 1139 1147 305 699 1506 1881 651 297 295 1103 2564 142 3101 1959 243 354 1543 2718 1193 1775 2423 2824 2118 2979 3402 2074 2066 2799 2272 2904 182 113 2510 2811 442 1139 2693 1315 3122 993 939 2551 955 2405 2113 1212 3320 3278 64 1436 847 3112 3214 630 3496 617 2926 3303 915 3476 2666 711 2341 1696 2558
1105 3351 1419 145 1454 471 1869 3300 2780 1712 1792 1276 422 1112 72 3087 849 3416 1851 2097 2683 2256 952 1555 447 982 2166 2344 1150 2474 3080 819 1566 2943 56 1364 1695 988 2554 3133 2498 3154 3091 2034 1220 1417 422 1099 299 762 3186 698 2463 3166 3312 839 518 1799 1712 2241 625 1327 2328 2215 1592 1164 2413 3298 3187 2743 1106 8 1584
3410 2224 2466 2662 2201 2493 2508 1087 11 3203 945 3471 166 2541 1123 1441 2063 2143 1431 2143 1700 1927 374 3193 2868 364 1646 417 1516 732 2383 217 68 3214 2580 171 2965 956 2251 491 3220 2529 2221 2661 552 440 3236 215 2626 1636 530 2857 1836 610 711 2662 656 874 3238 1099 1708 2253 177 2018 3373 2761 3291 1096 750 2496 615 1928 3078
815 281 2965 648 564 1760 2893 747 794 3190 2097 2153 2796 506 2941 2790 3463 1009 2097 1289 1057 2941 2926 2282 1392 3269 3228 2512 2435 3348 2388 693 2123 1007 1585 1347 2085 380 2769 2120 1781 2469 423 3207 3000 986 504 824 706 650 724 1014 1352 3367 2789 3151 986 753 799 3138 3401 1993 1325 1310 2978 2966 3010 436 2192 2944 1929 930 2599
571 1313 3081 1329 1588 41 2008 1942 1309 1369 2651 3047 440 662 81 2803 58 3477 3052 2495 479 2243 1712 2535 2225 3206 176 3395 2611 1463 2634 2400 1528 603 2423 2460 1631 2164 3028 2507 249 939 226 2819 2373 3165 1090 3477 1289 1829 3408 2391 764 2538 3117 300 1058 2873 1776 2455 2565 180 369 2764 107 1066 1988 2101 2791 3423 1924 1416 567
2187 132 3432 1903 412 2191 316 3257 1603 1732 1606 1443 2070 90 1128 2504 1214 529 1184 3448 678 1659 2160 2828 2626 320 879 1107 3144 2988 2612 274 2698 2558 2961 1667 2572 943 2700 3471 2866 2980 2654 1394 2251 2241 2483 1738 1080 2410 3504 2787 2628 3275 122 717 2132 3172 198 539 19 905 2954 575 3410 2336 471 2248 249 312 1212 1854 2754
3132 2919 2174 3199 1290 273 2853 3394 1734 1703 2931 294 1375 294 1994 277 1157 525 520 2931 2138 1839 2744 1004 1529 77 3428 1365 442 1642 1731 2194 3415 2091 583 773 3458 1613 2472 2284 556 292 2138 2976 428 2354 2590 3118 207 327 2965 1010 954 2218 84 3350 61 2670 584 2682 3223 2744 2264 1940 1720 3347 1252 2009 2784 3327 2553 3316 2801
432 2383 3326 2392 1293 1916 2790 2096 309 3492 2804 3333 3234 2260 1 2073 1523 1865 353 844 2535 2566 2211 1235 1942 1630 2216 2907 2607 869 373 596 2789 2500 3419 503 1098 349 329 941 966 356 56 2364 937 1846 1969 864 2887 1912 1689 523 245 148 490 567 2547 2161 2156 1139 1205 1748 2600 2165 2782 215 2155 1623 1909 2105 2373 681 630
1522 2273 401 3171 2856 1664 2476 2315 2100 1549 1108 808 681 340 2857 1340 2491 1185 1578 3351 698 3051 2182 198 1945 2652 288 2250 1271 2853 195 957 809 2619 1776 2700 2337 2825 32 2582 1166 3199 762 728 2536 248 1468 1862 724 2111 3331 2269 300 1896 174 3380 27 591 169 111 1400 2831 1094 2725 2258 1855 573 1617 2665 2555 1911 782 2912
3496 1727 855 193 1762 3175 3137 3412 1054 2642 1913 294 1368 3344 209 726 618 2821 2723 3428 967 2276 2149 3161 800 2863 2851 2909 494 3296 2972 3371 2667 229 2337 9 1212 2316 2147 3125 257 1265 3279 3221 1263 3248 2009 2333 657 1095 3413 2109 3425 2091 3158 3326 2231 3431 3209 1982 3029 2021 1921 1208 2940 2808 738 3186 2659 398 3109 1978 35
1611 1346 1788 2664 2141 3403 3414 856 363 1384 2271 445 1388 1214 2275 968 1618 276 2255 2000 1469 803 3023 1197 2677 1859 2591 695 1359 2516 3212 2192 304 2609 392 1850 3347 2556 2311 2293 1200 2211 781 2700 1989 1101 654 3249 3252 446 3481 3455 2734 1600 3053 570 2818 2735 2501 1999 1166 425 1908 2572 1711 1332 2245 1061 850 563 2342 1624 2605
726 1946 2252 2187 1316 3504 2065 424 935 3016 3456 651 2797 1134 450 630 3260 1232 1487 2179 1659 3276 274 1943 1489 1176 2960 385 161 2297 2066 3302 675 1200 3164 1662 3352 814 3462 187 2935 1314 1544 1415 585 2425 3229 611 3405 983 296 2919 2978 13 939 2693 3371 1604 2655 2676 2349 1132 1424 829 1839 3181 1907 1415 584 22 478 1749 608
3115 558 3501 1380 3215 2293 860 3031 3135 3461 372 1172 32 350 1866 411 1746 129 632 2658 337 3483 1447 3447 426 253 1468 552 3126 1190 450 2646 2110 3398 2250 662 2559 163 319 1807 3247 210 2550 203 236 200 1143 1782 961 3071 240 1713 428 1128 2349 560 1909 2891 525 1942 1014 4 2607 3306 2485 2767 3248 394 2840 370 3040 3208 2414
3000 1749 1233 3024 2826 341 1427 2260 2180 2522 534 601 1238 1164 1516 3381 236 1466 2384 2195 1974 308 1970 335 2791 860 1765 3130 1205 180 849 1215 1098 1646 2997 2404 3165 535 1607 3034 476 763 202 3404 1100 2656 2889 3362 3088 1646 1932 1681 3293 235 3475 988 3262 1184 2329 2756 2752 3078 628 1186 1298 620 3025 219 982 1732 3465 2175 3315
115 1933 1214 56 3251 2366 2416 1505 1214 2127 394 821 3306 3 1715 139 1932 2255 2883 2160 2625 1269 1831 2486 2651 3033 1369 337 2430 1829 1443 921 26 2532 1059 827 146 554 1168 2314 2858 973 1862 291 2757 3468 380 2399 2844 2902 3460 1572 3401 650 2469 2464 3376 512 214 434 2386 3169 3437 3055 928 3271 2515 2733 116 2458 802 827 2892
484 571 1172 337 2772 2989 609 2062 477 2031 531 1151 2918 1090 1917 3355 318 806 898 850 3456 2838 2641 1995 1809 1633 3055 1570 3233 635 3420 1542 2478 2319 375 3319 2006 2066 1687 3107 3277 438 467 925 2136 638 975 723 2733 722 2811 2723 2971 722 2141 1397 892 2113 1433 1489 3248 740 3374 589 2574 2607 2474 1731 582 2512 2331 596 880
2205 2346 2415 3355 1312 2541 3492 1383 761 198 1295 2840 3264 1653 2245 3100 401 1943 2583 3045 2369 2390 3487 1411 3372 106 2164 749 2790 811 346 452 2885 495 3047 1496 1404 1886 1650 2157 1953 2637 3222 2304 2225 1951 870 1973 1256 548 3002 512 1878 3478 3364 444 1873 1818 416 128 1827 2778 3399 1293 2749 772 2979 1094 1146 165 1895 3138 2436
2029 543 941 1636 52 1225 447 810 3013 967 2616 1483 360 1791 426 1736 1310 819 493 1667 247 579 546 1974 2960 839 3430 2690 3161 2872 3209 2944 1182 2994 3248 332 1244 3456 1332 311 1900 1476 3016 353 815 3501 2667 1550 649 740 2350 2382 3118 188 2218 3305 1208 1869 2356 193 775 1502 535 2467 339 257 377 2462 1278 3177 818 745 298
2202 192 3455 1648 913 1075 970 532 490 498 2850 1367 2034 2739 1069 751 1902 1918 2128 3438 1756 3152 2465 2660 2269 2614 860 1069 3037 2198 632 2869 2255 2931 3351 1553 2414 3148 1315 2582 1506 3455 589 1199 842 2628 1133 2426 2757 1603 1428 1647 1394 3049 2044 3220 966 198 2002 1464 927 1391 1589 2821 3389 2906 2401 2295 1266 485 341 2052 2621
3181 3284 529 1573 3019 1703 2595 1313 75 2624 649 395 1345 701 2515 530 1812 1005 1735 1387 143 2371 1879 2702 959 1817 1098 575 1539 1324 298 3144 2865 2712 2395 1094 3284 1477 3502 2150 18 1588 3254 2210 2963 653 121 2167 636 3012 1677 409 2337 1186 2071 1979 2699 506 1405 207 598 2427 806 1850 1855 1169 2952 2777 1245 810 1761 497 758
710 3232 2722 1472 3319 2507 595 992 2002 2947 1207 1844 1839 1435 2535 1298 2918 1180 698 2223 1997 319 1813 899 2926 417 3141 9 198 3478 3227 3421 809 245 2166 3493 1077 3185 812 1001 821 1295 2253 2757 1497 1259 2184 1813 797 300 1942 3371 832 2405 215 1348 2618 3481 2115 989 827 1218 306 548 477 2789 2621 1180 2582 2141 3040 1189 2857
3175 1860 3394 202 814 137 525 2457 231 1549 1913 248 3389 3471 1986 625 3039 2305 2645 3321 2931 2336 3343 789 2889 2879 688 3503 1584 351 684 1629 3244 1349 1391 231 1343 1841 2430 848 915 1858 1811 2294 519 2910 771 1806 1581 1306 2373 2067 2085 3300 3113 2895 117 3501 3219 1934 2659 3480 2572 2448 230 1042 3397 438 558 1109 682 983 1661
1477 2994 1425 3075 1177 1358 894 1635 1277 444 1016 2908 1431 2292 3036 2011 881 618 303 1746 3016 662 2180 1895 3117 675 2624 444 2068 2850 3422 2886 1891 60 3103 2540 1052 2654 995 3125 3180 203 1895 2088 1447 2604 2859 1190 2847 3243 3161 3051 626 2933 1265 1708 691 76 905 1400 1513 981 833 1170 1767 600 2854 1668 3463 1645 2024 190 1259
836 3324 2316 1499 89 988 66 1085 2297 1433 1322 773 1143 338 1001 1951 2238 17 2492 1636 657 3330 491 2883 1535 2903 1110 1653 1514 1297 2826 3164 3473 399 1519 255 780 3485 1895 319 2553 1441 42 3034 2814 385 667 310 1697 2771 1713 3010 2414 1979 2839 2160 2330 3385 265 2043 2682 1409 2467 3083 1256 2686 3122 1784 261 1364 1962 2065 1536
1698 1062 3122 2990 2558 3496 1566 1800 453 403 3298 387 2998 932 1708 905 559 836 413 379 348 2696 3124 1675 3300 1374 1319 350 389 3276 632 2239 1352 263 3131 3049 1067 474 2542 1130 2917 560 222 3283 1898 149 980 2858 3417 1848 1361 2389 1782 3056 654 2501 2458 1176 3498 835 3483 2116 3373 1212 880 2935 17 3491 761 1119 3166 3363 1095
1032 1955 2155 2247 1079 3481 54 1329 986 1127 3434 1356 3097 1109 1859 1429 3137 2310 1074 1744 681 1747 3453 1956 336 3368 2489 861 3329 328 1370 340 1510 144 2086 1961 1605 1137 2283 2868 1666 3003 3236 2885 1850 903 610 1209 3211 761 3364 1406 939 3008 3167 153 3129 1719 462 2690 732 593 3137 880 3496 334 2152 342 621 91 1427 3395 3495
2084 1200 3397 215 3235 3362 2751 2506 3142 1731 2961 1272 1759 698 3144 426 2000 3221 3317 1588 3358 1131 902 277 2496 2215 1665 2151 50 3126 1349 1938 1607 3069 1766 3396 2834 464 1387 1950 1712 403 1894 3076 2028 2545 420 2743 2908 1371 264 1557 994 1267 2336 2204 1975 265 2140 3187 129 3387 469 1051 1798 2811 2599 2812 723 2181 1819 1328 2833
2446 3092 2431 2214 757 972 3028 3371 433 2503 76 2441 3240 2067 402 953 1299 1332 1369 1084 1959 653 1771 3418 900 1786 2234 377 2797 3238 2980 2568 1485 3276 2212 2221 2244 1947 1418 2746 1347 2270 1167 510 1293 3317 640 3496 3191 2886 3406 1371 1245 2524 1240 915 2369 531 2199 2126 2852 3038 1447 2114 2231 2972 1953 1062 1713 1034 804 3090 1519
2614 1656 1891 1154 3277 1554 181 3056 3246 636 2381 2878 2927 402 2840 2804 1529 2112 3096 928 2341 2318 3300 1836 1639 1764 1463 1398 1767 417 688 1696 3124 1038 3014 273 2188 2889 3500 1758 2959 2319 699 1792 2695 3200 378 111 1138 2137 2474 410 1938 2198 2205 2149 3065 3023 3308 571 93 1560 2346 237 2072 2214 2393 2338 1576 576 2511 257 1485
1509 1443 2548 2184 673 763 2830 3409 2962 278 517 71 1793 1126 547 649 2442 3194 1284 422 1423 3400 2790 2721 1508 2764 1127 2481 2085 1832 783 2624 786 1543 270 1029 1663 3043 1099 1988 2521 444 2664 2640 1908 1573 2777 2642 1519 2294 2971 645 1629 3073 3143 2340 668 752 845 313 1354 1881 1157 3374 2580 971 2237 1286 679 1725 3159 318 202
1690 2381 2072 3096 2622 443 1408 3107 1816 2915 1440 484 2737 1061 2344 2841 2943 2016 2001 381 1676 2589 1343 3178 3307 33 346 3317 2064 2092 3192 1950 382 2204 194 3426 2986 3501 1684 639 1961 794 1872 3043 176 3009 367 2850 359 2208 1051 2923 2354 2774 1459 1429 871 3314 2027 1 799 1767 819 2399 962 2526 3442 667 313 983 2707 1336 1310
390 2410 3112 3047 601 578 909 639 2184 71 3484 854 1501 3267 2869 938 967 1993 3331 2523 2300 1703 1411 452 1416 972 1633 3074 257 1562 1745 369 1028 3376 1368 2186 1712 1552 2665 2386 1442 3220 2682 3003 2159 1166 806 3212 2257 1971 3314 3430 473 463 1234 786 718 2650 2552 3010 3340 1893 1231 482 2259 2255 2356 2658 1375 2631 3478 3086 1681
1151 352 87 3074 771 1070 476 3044 1940 1464 1105 1267 1679 3324 750 345 1073 3157 3051 2457 1998 1562 2172 3180 1261 1412 35 2133 72 2987 2660 1309 1553 1485 1342 2561 77 1267 3047 403 41 1779 1835 1310 2813 2795 826 2032 490 2194 2663 2002 772 3370 3342 1212 2073 2546 1537 1437 2178 1043 1292 1493 3079 970 1020 1350 340 1374 2296 2931 988
3045 2617 3359 3290 1207 629 2124 898 661 346 3275 2244 3134 825 370 2129 2532 2249 1653 2835 1771 2425 414 1776 2029 1659 1096 230 728 179 1887 2891 2582 1888 2406 2377 334 3465 1366 1205 1237 2248 1477 1765 9 1241 1006 3172 3400 2371 279 1155 3422 1363 2811 1451 1594 620 309 3459 2071 901 1298 3482 3207 638 1483 3126 1302 3368 1967 1578 405
2009 215 377 1207 1226 2537 1397 1526 1796 2300 891 1451 339 1339 2172 1841 393 2134 587 666 2790 1766 2664 1393 2130 552 2034 1342 1487 2838 485 1587 818 2041 1831 2792 263 187 2169 3266 3116 548 2487 3087 421 2349 1631 31 3296 85 1395 258 1692 999 1163 1129 492 2291 8 196 605 720 2474 3247 2157 1206 594 3465 47 2637 79 3026 2027
1796 1696 1423 74 1709 3084 2005 2616 3028 2945 1787 1609 138 2199 858 3503 688 686 2181 657 2556 235 1651 769 150 3398 1868 3345 2953 353 2062 279 133 1462 1124 1007 1599 1780 910 1141 2602 1528 2785 3106 907 3329 176 3277 3253 565 3310 2336 1363 2290 313 3005 297 2277 2476 1973 3069 754 1351 3073 1752 2406 332 495 1592 925 3358 1694 2220
2021 3499 2392 625 3422 2636 1580 1403 1762 958 1418 111 2913 435 1044 1448 1320 235 1542 1068 1374 1052 1963 1423 595 2013 1036 1257 2270 1354 896 1160 146 1920 1568 968 1225 218 1931 3014 686 1396 158 332 2330 2285 1371 3406 3283 1622 1440 2191 806 1375 2026 2696 3394 1017 3261 499 2675 2180 505 1849 790 1494 1505 3364 2129 2962 2396 3106 1795
163 900 3201 991 2200 2176 3408 2829 1723 1306 1781 3233 2176 1501 729 2682 496 219 808 329 2183 292 531 806 2857 2994 1254 1371 1084 957 554 423 3067 1525 1802 2346 1777 540 1659 1297 3499 1337 2276 347 3324 1178 3403 775 1987 1249 2139 1607 1055 2490 1795 3035 1370 1815 2998 2915 2173 1685 1913 2143 1636 3438 920 1394 900 2320 1846 2588 3454
1705 595 478 1921 592 3281 462 3164 2841 1812 1957 2474 3025 2381 921 3160 500 2043 2403 2203 3472 1222 1677 2753 1673 147 112 2307 3489 1811 2627 930 754 2871 1381 2228 3284 2257 2520 3362 405 3254 1803 3365 1310 153 594 2324 239 994 2350 705 2231 1844 1147 1057 606 3198 586 2240 3179 1039 1920 1148 1922 703 2200 2467 901 2427 1197 1224 107
173 1748 3044 2856 3117 1552 1641 3467 1884 1727 3388 1399 1636 747 1184 69 177 1594 1229 394 1706 1986 1579 3151 3117 1962 3176 3301 3394 1462 3154 3432 793 2147 1369 3096 2184 3477 2023 578 2564 491 41 3268 3438 2611 3125 3142 3398 1385 1960 1077 902 1597 1397 1761 2212 2948 3142 1114 1427 146 1094 1816 1453 2501 574 1577 440 1285 2429 1580 3373
2469 2026 2348 3377 301 1941 21 3144 3431 568 893 2605 3332 1706 2123 2063 2847 3234 1728 2615 2104 193 1587 188 1088 723 2073 847 1664 2676 1046 1569 3115 2923 3324 987 1589 2751 2311 1031 400 488 808 3299 2160 1130 511 794 2387 3066 2743 105 2958 376 2650 2162 1307 1835 1265 690 2305 1842 2719 1013 2106 2757 3155 1907 3070 1417 504 2504 1107
3070 714 1754 1395 1755 254 3229 594 2900 2406 678 2201 135 602 1798 2883 25 422 1166 3070 3315 3024 135 201 2803 1867 2928 2925 2997 1659 1900 583 1709 425 2455 3164 178 1628 1269 294 459 3046 2777 2578 3314 427 1530 3161 3074 2403 2514 1746 300 1385 2716 2139 2204 2454 2410 1923 1476 1441 1328 1181 2609 3015 1900 482 1869 1043 2410 129 2786
994 2488 1549 2704 1782 2759 2372 2292 3457 1859 1314 2276 1896 60 2592 686 3473 3169 1362 2135 3434 66 2337 2432 3485 790 1612 832 3426 881 1387 1010 3178 1979 1867 2510 2264 2412 2365 2357 892 1472 866 1552 1763 1246 2642 1741 1137 505 72 418 1653 1108 3257 159 2151 429 1635 51 110 3376 2748 2571 1414 1029 2644 2814 1081 1126 1229 1487 2958
1230 299 384 2431 355 2574 2712 3403 3188 2784 227 3036 1509 2071 2267 2846 1216 2839 2489 545 2274 2316 2318 3303 886 2659 485 551 404 690 766 3054 144 1246 1753 1584 2697 841 1595 2003 2917 4 2476 1780 1358 2014 1577 49 2669 3053 2053 3314 1854 358 101 1990 2254 3134 1553 3386 1954 208 528 2058 706 1198 1053 2148 2115 2279 517 696 1900
3 10
27 10 19 3 22 4 11 21 7 4
3 24 21 13 11 8 28 9 20 23
11 19 14 2 15 13 17 20 4 22
17 62
538 952 605 841 509 41 59 595 417 435 420 995 345 19 365 495 70 1009 54 605 939 328 528 684 236 197 179 989 149 812 260 492 414 218 841 702 969 808 196 972 321 389 98 748 582 162 705 379 386 515 664 58 187 437 58 497 338 671 338 388 72 573
162 948 132 698 597 844 989 672 184 541 680 366 132 1049 684 903 373 672 554 261 800 16 385 441 220 473 905 819 827 121 283 259 652 1039 655 642 1050 903 577 751 1012 107 425 635 934 308 254 461 363 414 734 854 780 886 320 92 1030 419 1024 358 210 966
284 311 125 23 528 691 318 929 425 789 359 448 226 913 70 533 1050 306 555 749 463 959 40 939 678 720 534 825 51 913 922 249 924 1037 836 273 902 760 30 24 95 522 864 705 456 192 949 520 693 812 776 721 749 720 644 117 126 522 398 673 620 897
172 168 752 405 385 365 1007 272 488 291 753 898 191 390 892 477 204 114 264 510 726 958 208 305 502 599 1000 495 975 36 937 874 314 729 961 248 1022 189 359 831 430 290 831 706 67 196 434 807 662 502 762 822 687 326 500 420 107 24 486 143 724 567
897 873 902 553 46 171 244 403 745 121 996 392 1021 542 357 522 81 890 305 333 860 192 123 256 525 372 813 441 795 780 243 624 245 1012 395 915 599 932 142 666 932 873 693 804 252 401 307 582 839 446 399 769 480 1005 373 843 465 925 755 195 287 565
745 507 322 239 331 460 769 341 835 628 623 498 932 46 787 15 101 729 954 274 749 822 22 262 238 168 168 348 527 986 703 464 325 217 560 296 93 592 412 211 1003 306 118 383 645 959 981 416 685 168 950 590 446 932 737 1052 818 201 712 729 171 84
610 598 511 8 711 107 14 520 274 109 603 972 961 963 658 971 1 431 205 128 900 656 199 579 959 363 931 525 652 703 259 735 242 56 662 364 78 1007 927 1043 566 312 111 380 718 460 307 773 655 99 339 664 309 840 454 148 751 869 896 30 585 794
204 183 524 230 650 704 245 844 119 272 921 948 290 843 82 569 185 616 1008 141 758 741 2 979 135 777 296 917 738 725 915 295 143 401 628 576 878 546 491 587 223 578 88 26 146 554 255 788 781 775 854 662 276 1025 432 160 39 352 176 453 823 503
356 492 163 678 373 199 297 540 1020 187 165 69 602 313 148 395 109 124 212 1046 493 23 964 765 735 512 767 835 142 660 356 807 774 432 724 869 183 308 533 308 150 304 661 377 935 742 764 848 968 1025 74 411 887 678 592 521 871 739 635 459 991 482
443 960 655 967 787 121 1024 947 462 730 241 819 109 699 19 828 509 313 366 952 131 611 5 249 588 306 50 469 652 392 793 1013 451 660 445 559 949 634 90 36 515 447 1025 23 371 175 273 771 778 1016 314 707 147 762 452 717 76 902 971 531 1047 888
51 556 88 670 516 291 777 114 598 867 1025 705 996 305 32 878 149 646 908 480 225 777 822 316 203 688 895 105 447 421 225 391 963 185 589 722 890 162 249 107 38 1053 1001 97 197 545 176 969 401 9 909 388 982 235 148 606 142 862 636 542 612 479
187 833 1021 528 664 751 910 733 122 996 303 364 93 128 373 949 844 192 623 821 1031 642 1027 113 339 315 639 875 83 353 166 573 544 740 286 291 994 76 218 507 933 582 309 706 512 295 904 845 397 226 806 478 387 312 551 654 566 123 957 664 692 465
779 283 1005 887 654 187 629 504 541 23 432 395 635 23 574 1052 96 66 1012 91 603 597 167 795 645 335 995 129 357 879 863 1000 840 406 499 61 328 770 738 943 15 398 643 709 284 1006 918 630 195 71 275 868 59 811 682 363 871 414 412 443 68 220
933 1036 707 722 984 281 287 468 655 1003 735 422 779 326 131 906 572 1032 925 485 138 655 535 475 261 912 919 144 1040 293 293 860 700 129 83 418 327 935 235 552 399 724 392 1010 674 290 1031 1014 587 184 368 56 23 285 793 997 763 935 160 682 388 80
653 596 3 572 165 319 264 748 635 22 42 224 423 746 14 810 289 335 616 599 342 870 833 878 583 843 490 250 562 929 190 394 529 610 606 989 370 27 498 997 223 861 226 791 278 797 403 624 317 720 830 322 488 622 246 367 549 552 319 190 741 938
453 293 157 221 588 155 230 393 329 968 148 515 66 200 1017 458 124 534 237 329 806 420 747 441 1053 649 149 802 202 785 340 944 37 558 300 377 159 700 172 794 506 921 66 811 467 694 404 123 73 567 146 387 727 94 333 861 918 1025 494 1053 863 584
640 40 310 550 741 595 318 302 730 78 236 766 900 131 343 384 83 49 923 419 49 279 405 898 624 899 906 819 130 199 611 438 654 127 922 390 984 823 721 261 603 186 604 198 59 194 34 623 223 242 940 382 599 191 776 910 534 240 296 917 829 972
3
48 73
3308 3501 696 1889 734 523 307 3255 1059 1666 660 2701 3326 1584 395 1363 1380 1870 2883 1110 937 1447 2876 1049 2378 3088 315 1172 1718 977 1864 1343 192 2397 1843 1228 56 2675 375 955 604 1016 60 102 3215 275 1441 1347 273 1527 191 1265 1916 2302 1460 2827 116 874 240 3214 758 2720 3281 3370 196 999 3006 1633 3063 1490 1018 2577 1674
862 2370 1768 575 3310 2363 2543 1373 449 426 2013 223 1180 2833 1372 450 1562 1991 2443 3471 2739 1453 1888 2775 1419 309 1533 1483 2691 3302 1602 2838 1788 408 262 3364 939 2249 2026 2440 3450 330 1251 3098 1472 2667 1643 993 2096 282 1920 1209 3124 286 816 1035 2367 946 303 1088 2571 499 2197 3159 2562 95 1082 2322 3171 3102 2684 2671 285
2877 1249 2751 1879 3443 3119 913 1020 810 1434 2050 1795 1582 1344 1091 856 2539 5 2896 869 2585 1488 779 2554 469 651 3435 2173 2390 2644 1968 1349 1096 1060 81 625 1308 259 678 3253 2642 3099 2585 3329 593 573 3330 722 267 219 1340 504 2647 3297 2003 339 96 265 2050 251 1431 3203 103 513 529 2161 574 1329 1154 2574 3390 2038 1003
1879 1978 2636 2159 1098 863 3104 2062 11 1573 244 2855 978 1719 1103 942 1240 2902 383 1530 762 2442 190 763 1567 583 3185 795 500 3218 1729 525 2571 3441 1198 1277 1152 807 58 3028 1910 2918 1394 3211 2654 2589 603 354 2405 1199 2711 1486 80 1348 1624 2788 2570 1250 336 1169 93 2748 1283 2001 2846 931 566 2630 585 3213 2463 1217 786
1285 2393 1751 2174 1956 26 1954 668 1139 1147 305 699 1506 1881 651 297 295 1103 2564 142 3101 1959 243 354 1543 2718 1193 1775 2423 2824 2118 2979 3402 2074 2066 2799 2272 2904 182 113 2510 2811 442 1139 2693 1315 3122 993 939 2551 955 2405 2113 1212 3320 3278 64 1436 847 3112 3214 630 3496 617 2926 3303 915 3476 2666 711 2341 1696 2558
1105 3351 1419 145 1454 471 1869 3300 2780 1712 1792 1276 422 1112 72 3087 849 3416 1851 2097 2683 2256 952 1555 447 982 2166 2344 1150 2474 3080 819 1566 2943 56 1364 1695 988 2554 3133 2498 3154 3091 2034 1220 1417 422 1099 299 762 3186 698 2463 3166 3312 839 518 1799 1712 2241 625 1327 2328 2215 1592 1164 2413 3298 3187 2743 1106 8 1584
3410 2224 2466 2662 2201 2493 2508 1087 11 3203 945 3471 166 2541 1123 1441 2063 2143 1431 2143 1700 1927 374 3193 2868 364 1646 417 1516 732 2383 217 68 3214 2580 171 2965 956 2251 491 3220 2529 2221 2661 552 440 3236 215 2626 1636 530 2857 1836 610 711 2662 656 874 3238 1099 1708 2253 177 2018 3373 2761 3291 1096 750 2496 615 1928 3078
815 281 2965 648 564 1760 2893 747 794 3190 2097 2153 2796 506 2941 2790 3463 1009 2097 1289 1057 2941 2926 2282 1392 3269 3228 2512 2435 3348 2388 693 2123 1007 1585 1347 2085 380 2769 2120 1781 2469 423 3207 3000 986 504 824 706 650 724 1014 1352 3367 2789 3151 986 753 799 3138 3401 1993 1325 1310 2978 2966 3010 436 2192 2944 1929 930 2599
571 1313 3081 1329 1588 41 2008 1942 1309 1369 2651 3047 440 662 81 2803 58 3477 3052 2495 479 2243 1712 2535 2225 3206 176 3395 2611 1463 2634 2400 1528 603 2423 2460 1631 2164 3028 2507 249 939 226 2819 2373 3165 1090 3477 1289 1829 3408 2391 764 2538 3117 300 1058 2873 1776 2455 2565 180 369 2764 107 1066 1988 2101 2791 3423 1924 1416 567
2187 132 3432 1903 412 2191 316 3257 1603 1732 1606 1443 2070 90 1128 2504 1214 529 1184 3448 678 1659 2160 2828 2626 320 879 1107 3144 2988 2612 274 2698 2558 2961 1667 2572 943 2700 3471 2866 2980 2654 1394 2251 2241 2483 1738 1080 2410 3504 2787 2628 3275 122 717 2132 3172 198 539 19 905 2954 575 3410 2336 471 2248 249 312 1212 1854 2754
3132 2919 2174 3199 1290 273 2853 3394 1734 1703 2931 294 1375 294 1994 277 1157 525 520 2931 2138 1839 2744 1004 1529 77 3428 1365 442 1642 1731 2194 3415 2091 583 773 3458 1613 2472 2284 556 292 2138 2976 428 2354 2590 3118 207 327 2965 1010 954 2218 84 3350 61 2670 584 2682 3223 2744 2264 1940 1720 3347 1252 2009 2784 3327 2553 3316 2801
432 2383 3326 2392 1293 1916 2790 2096 309 3492 2804 3333 3234 2260 1 2073 1523 1865 353 844 2535 2566 2211 1235 1942 1630 2216 2907 2607 869 373 596 2789 2500 3419 503 1098 349 329 941 966 356 56 2364 937 1846 1969 864 2887 1912 1689 523 245 148 490 567 2547 2161 2156 1139 1205 1748 2600 2165 2782 215 2155 1623 1909 2105 2373 681 630
1522 2273 401 3171 2856 1664 2476 2315 2100 1549 1108 808 681 340 2857 1340 2491 1185 1578 3351 698 3051 2182 198 1945 2652 288 2250 1271 2853 195 957 809 2619 1776 2700 2337 2825 32 2582 1166 3199 762 728 2536 248 1468 1862 724 2111 3331 2269 300 1896 174 3380 27 591 169 111 1400 2831 1094 2725 2258 1855 573 1617 2665 2555 1911 782 2912
3496 1727 855 193 1762 3175 3137 3412 1054 2642 1913 294 1368 3344 209 726 618 2821 2723 3428 967 2276 2149 3161 800 2863 2851 2909 494 3296 2972 3371 2667 229 2337 9 1212 2316 2147 3125 257 1265 3279 3221 1263 3248 2009 2333 657 1095 3413 2109 3425 2091 3158 3326 2231 3431 3209 1982 3029 2021 1921 1208 2940 2808 738 3186 2659 398 3109 1978 35
1611 1346 1788 2664 2141 3403 3414 856 363 1384 2271 445 1388 1214 2275 968 1618 276 2255 2000 1469 803 3023 1197 2677 1859 2591 695 1359 2516 3212 2192 304 2609 392 1850 3347 2556 2311 2293 1200 2211 781 2700 1989 1101 654 3249 3252 446 3481 3455 2734 1600 3053 570 2818 2735 2501 1999 1166 425 1908 2572 1711 1332 2245 1061 850 563 2342 1624 2605
726 1946 2252 2187 1316 3504 2065 424 935 3016 3456 651 2797 1134 450 630 3260 1232 1487 2179 1659 3276 274 1943 1489 1176 2960 385 161 2297 2066 3302 675 1200 3164 1662 3352 814 3462 187 2935 1314 1544 1415 585 2425 3229 611 3405 983 296 2919 2978 13 939 2693 3371 1604 2655 2676 2349 1132 1424 829 1839 3181 1907 1415 584 22 478 1749 608
3115 558 3501 1380 3215 2293 860 3031 3135 3461 372 1172 32 350 1866 411 1746 129 632 2658 337 3483 1447 3447 426 253 1468 552 3126 1190 450 2646 2110 3398 2250 662 2559 163 319 1807 3247 210 2550 203 236 200 1143 1782 961 3071 240 1713 428 1128 2349 560 1909 2891 525 1942 1014 4 2607 3306 2485 2767 3248 394 2840 370 3040 3208 2414
3000 1749 1233 3024 2826 341 1427 2260 2180 2522 534 601 1238 1164 1516 3381 236 1466 2384 2195 1974 308 1970 335 2791 860 1765 3130 1205 180 849 1215 1098 1646 2997 2404 3165 535 1607 3034 476 763 202 3404 1100 2656 2889 3362 3088 1646 1932 1681 3293 235 3475 988 3262 1184 2329 2756 2752 3078 628 1186 1298 620 3025 219 982 1732 3465 2175 3315
115 1933 1214 56 3251 2366 2416 1505 1214 2127 394 821 3306 3 1715 139 1932 2255 2883 2160 2625 1269 1831 2486 2651 3033 1369 337 2430 1829 1443 921 26 2532 1059 827 146 554 1168 2314 2858 973 1862 291 2757 3468 380 2399 2844 2902 3460 1572 3401 650 2469 2464 3376 512 214 434 2386 3169 3437 3055 928 3271 2515 2733 116 2458 802 827 2892
484 571 1172 337 2772 2989 609 2062 477 2031 531 1151 2918 1090 1917 3355 318 806 898 850 3456 2838 2641 1995 1809 1633 3055 1570 3233 635 3420 1542 2478 2319 375 3319 2006 2066 1687 3107 3277 438 467 925 2136 638 975 723 2733 722 2811 2723 2971 722 2141 1397 892 2113 1433 1489 3248 740 3374 589 2574 2607 2474 1731 582 2512 2331 596 880
2205 2346 2415 3355 1312 2541 3492 1383 761 198 1295 2840 3264 1653 2245 3100 401 1943 2583 3045 2369 2390 3487 1411 3372 106 2164 749 2790 811 346 452 2885 495 3047 1496 1404 1886 1650 2157 1953 2637 3222 2304 2225 1951 870 1973 1256 548 3002 512 1878 3478 3364 444 1873 1818 416 128 1827 2778 3399 1293 2749 772 2979 1094 1146 165 1895 3138 2436
2029 543 941 1636 52 1225 447 810 3013 967 2616 1483 360 1791 426 1736 1310 819 493 1667 247 579 546 1974 2960 839 3430 2690 3161 2872 3209 2944 1182 2994 3248 332 1244 3456 1332 311 1900 1476 3016 353 815 3501 2667 1550 649 740 2350 2382 3118 188 2218 3305 1208 1869 2356 193 775 1502 535 2467 339 257 377 2462 1278 3177 818 745 298
2202 192 3455 1648 913 1075 970 532 490 498 2850 1367 2034 2739 1069 751 1902 1918 2128 3438 1756 3152 2465 2660 2269 2614 860 1069 3037 2198 632 2869 2255 2931 3351 1553 2414 3148 1315 2582 1506 3455 589 1199 842 2628 1133 2426 2757 1603 1428 1647 1394 3049 2044 3220 966 198 2002 1464 927 1391 1589 2821 3389 2906 2401 2295 1266 485 341 2052 2621
3181 3284 529 1573 3019 1703 2595 1313 75 2624 649 395 1345 701 2515 530 1812 1005 1735 1387 143 2371 1879 2702 959 1817 1098 575 1539 1324 298 3144 2865 2712 2395 1094 3284 1477 3502 2150 18 1588 3254 2210 2963 653 121 2167 636 3012 1677 409 2337 1186 2071 1979 2699 506 1405 207 598 2427 806 1850 1855 1169 2952 2777 1245 810 1761 497 758
710 3232 2722 1472 3319 2507 595 992 2002 2947 1207 1844 1839 1435 2535 1298 2918 1180 698 2223 1997 319 1813 899 2926 417 3141 9 198 3478 3227 3421 809 245 2166 3493 1077 3185 812 1001 821 1295 2253 2757 1497 1259 2184 1813 797 300 1942 3371 832 2405 215 1348 2618 3481 2115 989 827 1218 306 548 477 2789 2621 1180 2582 2141 3040 1189 2857
3175 1860 3394 202 814 137 525 2457 231 1549 1913 248 3389 3471 1986 625 3039 2305 2645 3321 2931 2336 3343 789 2889 2879 688 3503 1584 351 684 1629 3244 1349 1391 231 1343 1841 2430 848 915 1858 1811 2294 519 2910 771 1806 1581 1306 2373 2067 2085 3300 3113 2895 117 3501 3219 1934 2659 3480 2572 2448 230 1042 3397 438 558 1109 682 983 1661
1477 2994 1425 3075 1177 1358 894 1635 1277 444 1016 2908 1431 2292 3036 2011 881 618 303 1746 3016 662 2180 1895 3117 675 2624 444 2068 2850 3422 2886 1891 60 3103 2540 1052 2654 995 3125 3180 203 1895 2088 1447 2604 2859 1190 2847 3243 3161 3051 626 2933 1265 1708 691 76 905 1400 1513 981 833 1170 1767 600 2854 1668 3463 1645 2024 190 1259
836 3324 2316 1499 89 988 66 1085 2297 1433 1322 773 1143 338 1001 1951 2238 17 2492 1636 657 3330 491 2883 1535 2903 1110 1653 1514 1297 2826 3164 3473 399 1519 255 780 3485 1895 319 2553 1441 42 3034 2814 385 667 310 1697 2771 1713 3010 2414 1979 2839 2160 2330 3385 265 2043 2682 1409 2467 3083 1256 2686 3122 1784 261 1364 1962 2065 1536
1698 1062 3122 2990 2558 3496 1566 1800 453 403 3298 387 2998 932 1708 905 559 836 413 379 348 2696 3124 1675 3300 1374 1319 350 389 3276 632 2239 1352 263 3131 3049 1067 474 2542 1130 2917 560 222 3283 1898 149 980 2858 3417 1848 1361 2389 1782 3056 654 2501 2458 1176 3498 835 3483 2116 3373 1212 880 2935 17 3491 761 1119 3166 3363 1095
1032 1955 2155 2247 1079 3481 54 1329 986 1127 3434 1356 3097 1109 1859 1429 3137 2310 1074 1744 681 1747 3453 1956 336 3368 2489 861 3329 328 1370 340 1510 144 2086 1961 1605 1137 2283 2868 1666 3003 3236 2885 1850 903 610 1209 3211 761 3364 1406 939 3008 3167 153 3129 1719 462 2690 732 593 3137 880 3496 334 2152 342 621 91 1427 3395 3495
2084 1200 3397 215 3235 3362 2751 2506 3142 1731 2961 1272 1759 698 3144 426 2000 3221 3317 1588 3358 1131 902 277 2496 2215 1665 2151 50 3126 1349 1938 1607 3069 1766 3396 2834 464 1387 1950 1712 403 1894 3076 2028 2545 420 2743 2908 1371 264 1557 994 1267 2336 2204 1975 265 2140 3187 129 3387 469 1051 1798 2811 2599 2812 723 2181 1819 1328 2833
2446 3092 2431 2214 757 972 3028 3371 433 2503 76 2441 3240 2067 402 953 1299 1332 1369 1084 1959 653 1771 3418 900 1786 2234 377 2797 3238 2980 2568 1485 3276 2212 2221 2244 1947 1418 2746 1347 2270 1167 510 1293 3317 640 3496 3191 2886 3406 1371 1245 2524 1240 915 2369 531 2199 2126 2852 3038 1447 2114 2231 2972 1953 1062 1713 1034 804 3090 1519
2614 1656 1891 1154 3277 1554 181 3056 3246 636 2381 2878 2927 402 2840 2804 1529 2112 3096 928 2341 2318 3300 1836 1639 1764 1463 1398 1767 417 688 1696 3124 1038 3014 273 2188 2889 3500 1758 2959 2319 699 1792 2695 3200 378 111 1138 2137 2474 410 1938 2198 2205 2149 3065 3023 3308 571 93 1560 2346 237 2072 2214 2393 2338 1576 576 2511 257 1485
1509 1443 2548 2184 673 763 2830 3409 2962 278 517 71 1793 1126 547 649 2442 3194 1284 422 1423 3400 2790 2721 1508 2764 1127 2481 2085 1832 783 2624 786 1543 270 1029 1663 3043 1099 1988 2521 444 2664 2640 1908 1573 2777 2642 1519 2294 2971 645 1629 3073 3143 2340 668 752 845 313 1354 1881 1157 3374 2580 971 2237 1286 679 1725 3159 318 202
1690 2381 2072 3096 2622 443 1408 3107 1816 2915 1440 484 2737 1061 2344 2841 2943 2016 2001 381 1676 2589 1343 3178 3307 33 346 3317 2064 2092 3192 1950 382 2204 194 3426 2986 3501 1684 639 1961 794 1872 3043 176 3009 367 2850 359 2208 1051 2923 2354 2774 1459 1429 871 3314 2027 1 799 1767 819 2399 962 2526 3442 667 313 983 2707 1336 1310
390 2410 3112 3047 601 578 909 639 2184 71 3484 854 1501 3267 2869 938 967 1993 3331 2523 2300 1703 1411 452 1416 972 1633 3074 257 1562 1745 369 1028 3376 1368 2186 1712 1552 2665 2386 1442 3220 2682 3003 2159 1166 806 3212 2257 1971 3314 3430 473 463 1234 786 718 2650 2552 3010 3340 1893 1231 482 2259 2255 2356 2658 1375 2631 3478 3086 1681
1151 352 87 3074 771 1070 476 3044 1940 1464 1105 1267 1679 3324 750 345 1073 3157 3051 2457 1998 1562 2172 3180 1261 1412 35 2133 72 2987 2660 1309 1553 1485 1342 2561 77 1267 3047 403 41 1779 1835 1310 2813 2795 826 2032 490 2194 2663 2002 772 3370 3342 1212 2073 2546 1537 1437 2178 1043 1292 1493 3079 970 1020 1350 340 1374 2296 2931 988
3045 2617 3359 3290 1207 629 2124 898 661 346 3275 2244 3134 825 370 2129 2532 2249 1653 2835 1771 2425 414 1776 2029 1659 1096 230 728 179 1887 2891 2582 1888 2406 2377 334 3465 1366 1205 1237 2248 1477 1765 9 1241 1006 3172 3400 2371 279 1155 3422 1363 2811 1451 1594 620 309 3459 2071 901 1298 3482 3207 638 1483 3126 1302 3368 1967 1578 405
2009 215 377 1207 1226 2537 1397 1526 1796 2300 891 1451 339 1339 2172 1841 393 2134 587 666 2790 1766 2664 1393 2130 552 2034 1342 1487 2838 485 1587 818 2041 1831 2792 263 187 2169 3266 3116 548 2487 3087 421 2349 1631 31 3296 85 1395 258 1692 999 1163 1129 492 2291 8 196 605 720 2474 3247 2157 1206 594 3465 47 2637 79 3026 2027
1796 1696 1423 74 1709 3084 2005 2616 3028 2945 1787 1609 138 2199 858 3503 688 686 2181 657 2556 235 1651 769 150 3398 1868 3345 2953 353 2062 279 133 1462 1124 1007 1599 1780 910 1141 2602 1528 2785 3106 907 3329 176 3277 3253 565 3310 2336 1363 2290 313 3005 297 2277 2476 1973 3069 754 1351 3073 1752 2406 332 495 1592 925 3358 1694 2220
2021 3499 2392 625 3422 2636 1580 1403 1762 958 1418 111 2913 435 1044 1448 1320 235 1542 1068 1374 1052 1963 1423 595 2013 1036 1257 2270 1354 896 1160 146 1920 1568 968 1225 218 1931 3014 686 1396 158 332 2330 2285 1371 3406 3283 1622 1440 2191 806 1375 2026 2696 3394 1017 3261 499 2675 2180 505 1849 790 1494 1505 3364 2129 2962 2396 3106 1795
163 900 3201 991 2200 2176 3408 2829 1723 1306 1781 3233 2176 1501 729 2682 496 219 808 329 2183 292 531 806 2857 2994 1254 1371 1084 957 554 423 3067 1525 1802 2346 1777 540 1659 1297 3499 1337 2276 347 3324 1178 3403 775 1987 1249 2139 1607 1055 2490 1795 3035 1370 1815 2998 2915 2173 1685 1913 2143 1636 3438 920 1394 900 2320 1846 2588 3454
1705 595 478 1921 592 3281 462 3164 2841 1812 1957 2474 3025 2381 921 3160 500 2043 2403 2203 3472 1222 1677 2753 1673 147 112 2307 3489 1811 2627 930 754 2871 1381 2228 3284 2257 2520 3362 405 3254 1803 3365 1310 153 594 2324 239 994 2350 705 2231 1844 1147 1057 606 3198 586 2240 3179 1039 1920 1148 1922 703 2200 2467 901 2427 1197 1224 107
173 1748 3044 2856 3117 1552 1641 3467 1884 1727 3388 1399 1636 747 1184 69 177 1594 1229 394 1706 1986 1579 3151 3117 1962 3176 3301 3394 1462 3154 3432 793 2147 1369 3096 2184 3477 2023 578 2564 491 41 3268 3438 2611 3125 3142 3398 1385 1960 1077 902 1597 1397 1761 2212 2948 3142 1114 1427 146 1094 1816 1453 2501 574 1577 440 1285 2429 1580 3373
2469 2026 2348 3377 301 1941 21 3144 3431 568 893 2605 3332 1706 2123 2063 2847 3234 1728 2615 2104 193 1587 188 1088 723 2073 847 1664 2676 1046 1569 3115 2923 3324 987 1589 2751 2311 1031 400 488 808 3299 2160 1130 511 794 2387 3066 2743 105 2958 376 2650 2162 1307 1835 1265 690 2305 1842 2719 1013 2106 2757 3155 1907 3070 1417 504 2504 1107
3070 714 1754 1395 1755 254 3229 594 2900 2406 678 2201 135 602 1798 2883 25 422 1166 3070 3315 3024 135 201 2803 1867 2928 2925 2997 1659 1900 583 1709 425 2455 3164 178 1628 1269 294 459 3046 2777 2578 3314 427 1530 3161 3074 2403 2514 1746 300 1385 2716 2139 2204 2454 2410 1923 1476 1441 1328 1181 2609 3015 1900 482 1869 1043 2410 129 2786
994 2488 1549 2704 1782 2759 2372 2292 3457 1859 1314 2276 1896 60 2592 686 3473 3169 1362 2135 3434 66 2337 2432 3485 790 1612 832 3426 881 1387 1010 3178 1979 1867 2510 2264 2412 2365 2357 892 1472 866 1552 1763 1246 2642 1741 1137 505 72 418 1653 1108 3257 159 2151 429 1635 51 110 3376 2748 2571 1414 1029 2644 2814 1081 1126 1229 1487 2958
1230 299 384 2431 355 2574 2712 3403 3188 2784 227 3036 1509 2071 2267 2846 1216 2839 2489 545 2274 2316 2318 3303 886 2659 485 551 404 690 766 3054 144 1246 1753 1584 2697 841 1595 2003 2917 4 2476 1780 1358 2014 1577 49 2669 3053 2053 3314 1854 358 101 1990 2254 3134 1553 3386 1954 208 528 2058 706 1198 1053 2148 2115 2279 517 696 1900
3 10
27 10 19 3 22 4 11 21 7 4
3 24 21 13 11 8 28 9 20 23
11 19 14 2 15 13 17 20 4 22
17 62
538 952 605 841 509 41 59 595 417 435 420 995 345 19 365 495 70 1009 54 605 939 328 528 684 236 197 179 989 149 812 260 492 414 218 841 702 969 808 196 972 321 389 98 748 582 162 705 379 386 515 664 58 187 437 58 497 338 671 338 388 72 573
162 948 132 698 597 844 989 672 184 541 680 366 132 1049 684 903 373 672 554 261 800 16 385 441 220 473 905 819 827 121 283 259 652 1039 655 642 1050 903 577 751 1012 107 425 635 934 308 254 461 363 414 734 854 780 886 320 92 1030 419 1024 358 210 966
284 311 125 23 528 691 318 929 425 789 359 448 226 913 70 533 1050 306 555 749 463 959 40 939 678 720 534 825 51 913 922 249 924 1037 836 273 902 760 30 24 95 522 864 705 456 192 949 520 693 812 776 721 749 720 644 117 126 522 398 673 620 897
172 168 752 405 385 365 1007 272 488 291 753 898 191 390 892 477 204 114 264 510 726 958 208 305 502 599 1000 495 975 36 937 874 314 729 961 248 1022 189 359 831 430 290 831 706 67 196 434 807 662 502 762 822 687 326 500 420 107 24 486 143 724 567
897 873 902 553 46 171 244 403 745 121 996 392 1021 542 357 522 81 890 305 333 860 192 123 256 525 372 813 441 795 780 243 624 245 1012 395 915 599 932 142 666 932 873 693 804 252 401 307 582 839 446 399 769 480 1005 373 843 465 925 755 195 287 565
745 507 322 239 331 460 769 341 835 628 623 498 932 46 787 15 101 729 954 274 749 822 22 262 238 168 168 348 527 986 703 464 325 217 560 296 93 592 412 211 1003 306 118 383 645 959 981 416 685 168 950 590 446 932 737 1052 818 201 712 729 171 84
610 598 511 8 711 107 14 520 274 109 603 972 961 963 658 971 1 431 205 128 900 656 199 579 959 363 931 525 652 703 259 735 242 56 662 364 78 1007 927 1043 566 312 111 380 718 460 307 773 655 99 339 664 309 840 454 148 751 869 896 30 585 794
204 183 524 230 650 704 245 844 119 272 921 948 290 843 82 569 185 616 1008 141 758 741 2 979 135 777 296 917 738 725 915 295 143 401 628 576 878 546 491 587 223 578 88 26 146 554 255 788 781 775 854 662 276 1025 432 160 39 352 176 453 823 503
356 492 163 678 373 199 297 540 1020 187 165 69 602 313 148 395 109 124 212 1046 493 23 964 765 735 512 767 835 142 660 356 807 774 432 724 869 183 308 533 308 150 304 661 377 935 742 764 848 968 1025 74 411 887 678 592 521 871 739 635 459 991 482
443 960 655 967 787 121 1024 947 462 730 241 819 109 699 19 828 509 313 366 952 131 611 5 249 588 306 50 469 652 392 793 1013 451 660 445 559 949 634 90 36 515 447 1025 23 371 175 273 771 778 1016 314 707 147 762 452 717 76 902 971 531 1047 888
51 556 88 670 516 291 777 114 598 867 1025 705 996 305 32 878 149 646 908 480 225 777 822 316 203 688 895 105 447 421 225 391 963 185 589 722 890 162 249 107 38 1053 1001 97 197 545 176 969 401 9 909 388 982 235 148 606 142 862 636 542 612 479
187 833 1021 528 664 751 910 733 122 996 303 364 93 128 373 949 844 192 623 821 1031 642 1027 113 339 315 639 875 83 353 166 573 544 740 286 291 994 76 218 507 933 582 309 706 512 295 904 845 397 226 806 478 387 312 551 654 566 123 957 664 692 465
779 283 1005 887 654 187 629 504 541 23 432 395 635 23 574 1052 96 66 1012 91 603 597 167 795 645 335 995 129 357 879 863 1000 840 406 499 61 328 770 738 943 15 398 643 709 284 1006 918 630 195 71 275 868 59 811 682 363 871 414 412 443 68 220
933 1036 707 722 984 281 287 468 655 1003 735 422 779 326 131 906 572 1032 925 485 138 655 535 475 261 912 919 144 1040 293 293 860 700 129 83 418 327 935 235 552 399 724 392 1010 674 290 1031 1014 587 184 368 56 23 285 793 997 763 935 160 682 388 80
653 596 3 572 165 319 264 748 635 22 42 224 423 746 14 810 289 335 616 599 342 870 833 878 583 843 490 250 562 929 190 394 529 610 606 989 370 27 498 997 223 861 226 791 278 797 403 624 317 720 830 322 488 622 246 367 549 552 319 190 741 938
453 293 157 221 588 155 230 393 329 968 148 515 66 200 1017 458 124 534 237 329 806 420 747 441 1053 649 149 802 202 785 340 944 37 558 300 377 159 700 172 794 506 921 66 811 467 694 404 123 73 567 146 387 727 94 333 861 918 1025 494 1053 863 584
640 40 310 550 741 595 318 302 730 78 236 766 900 131 343 384 83 49 923 419 49 279 405 898 624 899 906 819 130 199 611 438 654 127 922 390 984 823 721 261 603 186 604 198 59 194 34 623 223 242 940 382 599 191 776 910 534 240 296 917 829 972
48 73
3308 3501 696 1889 734 523 307 3255 1059 1666 660 2701 3326 1584 395 1363 1380 1870 2883 1110 937 1447 2876 1049 2378 3088 315 1172 1718 977 1864 1343 192 2397 1843 1228 56 2675 375 955 604 1016 60 102 3215 275 1441 1347 273 1527 191 1265 1916 2302 1460 2827 116 874 240 3214 758 2720 3281 3370 196 999 3006 1633 3063 1490 1018 2577 1674
862 2370 1768 575 3310 2363 2543 1373 449 426 2013 223 1180 2833 1372 450 1562 1991 2443 3471 2739 1453 1888 2775 1419 309 1533 1483 2691 3302 1602 2838 1788 408 262 3364 939 2249 2026 2440 3450 330 1251 3098 1472 2667 1643 993 2096 282 1920 1209 3124 286 816 1035 2367 946 303 1088 2571 499 2197 3159 2562 95 1082 2322 3171 3102 2684 2671 285
2877 1249 2751 1879 3443 3119 913 1020 810 1434 2050 1795 1582 1344 1091 856 2539 5 2896 869 2585 1488 779 2554 469 651 3435 2173 2390 2644 1968 1349 1096 1060 81 625 1308 259 678 3253 2642 3099 2585 3329 593 573 3330 722 267 219 1340 504 2647 3297 2003 339 96 265 2050 251 1431 3203 103 513 529 2161 574 1329 1154 2574 3390 2038 1003
1879 1978 2636 2159 1098 863 3104 2062 11 1573 244 2855 978 1719 1103 942 1240 2902 383 1530 762 2442 190 763 1567 583 3185 795 500 3218 1729 525 2571 3441 1198 1277 1152 807 58 3028 1910 2918 1394 3211 2654 2589 603 354 2405 1199 2711 1486 80 1348 1624 2788 2570 1250 336 1169 93 2748 1283 2001 2846 931 566 2630 585 3213 2463 1217 786
1285 2393 1751 2174 1956 26 1954 668 1139 1147 305 699 1506 1881 651 297 295 1103 2564 142 3101 1959 243 354 1543 2718 1193 1775 2423 2824 2118 2979 3402 2074 2066 2799 2272 2904 182 113 2510 2811 442 1139 2693 1315 3122 993 939 2551 955 2405 2113 1212 3320 3278 64 1436 847 3112 3214 630 3496 617 2926 3303 915 3476 2666 711 2341 1696 2558
1105 3351 1419 145 1454 471 1869 3300 2780 1712 1792 1276 422 1112 72 3087 849 3416 1851 2097 2683 2256 952 1555 447 982 2166 2344 1150 2474 3080 819 1566 2943 56 1364 1695 988 2554 3133 2498 3154 3091 2034 1220 1417 422 1099 299 762 3186 698 2463 3166 3312 839 518 1799 1712 2241 625 1327 2328 2215 1592 1164 2413 3298 3187 2743 1106 8 1584
3410 2224 2466 2662 2201 2493 2508 1087 11 3203 945 3471 166 2541 1123 1441 2063 2143 1431 2143 1700 1927 374 3193 2868 364 1646 417 1516 732 2383 217 68 3214 2580 171 2965 956 2251 491 3220 2529 2221 2661 552 440 3236 215 2626 1636 530 2857 1836 610 711 2662 656 874 3238 1099 1708 2253 177 2018 3373 2761 3291 1096 750 2496 615 1928 3078
815 281 2965 648 564 1760 2893 747 794 3190 2097 2153 2796 506 2941 2790 3463 1009 2097 1289 1057 2941 2926 2282 1392 3269 3228 2512 2435 3348 2388 693 2123 1007 1585 1347 2085 380 2769 2120 1781 2469 423 3207 3000 986 504 824 706 650 724 1014 1352 3367 2789 3151 986 753 799 3138 3401 1993 1325 1310 2978 2966 3010 436 2192 2944 1929 930 2599
571 1313 3081 1329 1588 41 2008 1942 1309 1369 2651 3047 440 662 81 2803 58 3477 3052 2495 479 2243 1712 2535 2225 3206 176 3395 2611 1463 2634 2400 1528 603 2423 2460 1631 2164 3028 2507 249 939 226 2819 2373 3165 1090 3477 1289 1829 3408 2391 764 2538 3117 300 1058 2873 1776 2455 2565 180 369 2764 107 1066 1988 2101 2791 3423 1924 1416 567
2187 132 3432 1903 412 2191 316 3257 1603 1732 1606 1443 2070 90 1128 2504 1214 529 1184 3448 678 1659 2160 2828 2626 320 879 1107 3144 2988 2612 274 2698 2558 2961 1667 2572 943 2700 3471 2866 2980 2654 1394 2251 2241 2483 1738 1080 2410 3504 2787 2628 3275 122 717 2132 3172 198 539 19 905 2954 575 3410 2336 471 2248 249 312 1212 1854 2754
3132 2919 2174 3199 1290 273 2853 3394 1734 1703 2931 294 1375 294 1994 277 1157 525 520 2931 2138 1839 2744 1004 1529 77 3428 1365 442 1642 1731 2194 3415 2091 583 773 3458 1613 2472 2284 556 292 2138 2976 428 2354 2590 3118 207 327 2965 1010 954 2218 84 3350 61 2670 584 2682 3223 2744 2264 1940 1720 3347 1252 2009 2784 3327 2553 3316 2801
432 2383 3326 2392 1293 1916 2790 2096 309 3492 2804 3333 3234 2260 1 2073 1523 1865 353 844 2535 2566 2211 1235 1942 1630 2216 2907 2607 869 373 596 2789 2500 3419 503 1098 349 329 941 966 356 56 2364 937 1846 1969 864 2887 1912 1689 523 245 148 490 567 2547 2161 2156 1139 1205 1748 2600 2165 2782 215 2155 1623 1909 2105 2373 681 630
1522 2273 401 3171 2856 1664 2476 2315 2100 1549 1108 808 681 340 2857 1340 2491 1185 1578 3351 698 3051 2182 198 1945 2652 288 2250 1271 2853 195 957 809 2619 1776 2700 2337 2825 32 2582 1166 3199 762 728 2536 248 1468 1862 724 2111 3331 2269 300 1896 174 3380 27 591 169 111 1400 2831 1094 2725 2258 1855 573 1617 2665 2555 1911 782 2912
3496 1727 855 193 1762 3175 3137 3412 1054 2642 1913 294 1368 3344 209 726 618 2821 2723 3428 967 2276 2149 3161 800 2863 2851 2909 494 3296 2972 3371 2667 229 2337 9 1212 2316 2147 3125 257 1265 3279 3221 1263 3248 2009 2333 657 1095 3413 2109 3425 2091 3158 3326 2231 3431 3209 1982 3029 2021 1921 1208 2940 2808 738 3186 2659 398 3109 1978 35
1611 1346 1788 2664 2141 3403 3414 856 363 1384 2271 445 1388 1214 2275 968 1618 276 2255 2000 1469 803 3023 1197 2677 1859 2591 695 1359 2516 3212 2192 304 2609 392 1850 3347 2556 2311 2293 1200 2211 781 2700 1989 1101 654 3249 3252 446 3481 3455 2734 1600 3053 570 2818 2735 2501 1999 1166 425 1908 2572 1711 1332 2245 1061 850 563 2342 1624 2605
726 1946 2252 2187 1316 3504 2065 424 935 3016 3456 651 2797 1134 450 630 3260 1232 1487 2179 1659 3276 274 1943 1489 1176 2960 385 161 2297 2066 3302 675 1200 3164 1662 3352 814 3462 187 2935 1314 1544 1415 585 2425 3229 611 3405 983 296 2919 2978 13 939 2693 3371 1604 2655 2676 2349 1132 1424 829 1839 3181 1907 1415 584 22 478 1749 608
3115 558 3501 1380 3215 2293 860 3031 3135 3461 372 1172 32 350 1866 411 1746 129 632 2658 337 3483 1447 3447 426 253 1468 552 3126 1190 450 2646 2110 3398 2250 662 2559 163 319 1807 3247 210 2550 203 236 200 1143 1782 961 3071 240 1713 428 1128 2349 560 1909 2891 525 1942 1014 4 2607 3306 2485 2767 3248 394 2840 370 3040 3208 2414
3000 1749 1233 3024 2826 341 1427 2260 2180 2522 534 601 1238 1164 1516 3381 236 1466 2384 2195 1974 308 1970 335 2791 860 1765 3130 1205 180 849 1215 1098 1646 2997 2404 3165 535 1607 3034 476 763 202 3404 1100 2656 2889 3362 3088 1646 1932 1681 3293 235 3475 988 3262 1184 2329 2756 2752 3078 628 1186 1298 620 3025 219 982 1732 3465 2175 3315
115 1933 1214 56 3251 2366 2416 1505 1214 2127 394 821 3306 3 1715 139 1932 2255 2883 2160 2625 1269 1831 2486 2651 3033 1369 337 2430 1829 1443 921 26 2532 1059 827 146 554 1168 2314 2858 973 1862 291 2757 3468 380 2399 2844 2902 3460 1572 3401 650 2469 2464 3376 512 214 434 2386 3169 3437 3055 928 3271 2515 2733 116 2458 802 827 2892
484 571 1172 337 2772 2989 609 2062 477 2031 531 1151 2918 1090 1917 3355 318 806 898 850 3456 2838 2641 1995 1809 1633 3055 1570 3233 635 3420 1542 2478 2319 375 3319 2006 2066 1687 3107 3277 438 467 925 2136 638 975 723 2733 722 2811 2723 2971 722 2141 1397 892 2113 1433 1489 3248 740 3374 589 2574 2607 2474 1731 582 2512 2331 596 880
2205 2346 2415 3355 1312 2541 3492 1383 761 198 1295 2840 3264 1653 2245 3100 401 1943 2583 3045 2369 2390 3487 1411 3372 106 2164 749 2790 811 346 452 2885 495 3047 1496 1404 1886 1650 2157 1953 2637 3222 2304 2225 1951 870 1973 1256 548 3002 512 1878 3478 3364 444 1873 1818 416 128 1827 2778 3399 1293 2749 772 2979 1094 1146 165 1895 3138 2436
2029 543 941 1636 52 1225 447 810 3013 967 2616 1483 360 1791 426 1736 1310 819 493 1667 247 579 546 1974 2960 839 3430 2690 3161 2872 3209 2944 1182 2994 3248 332 1244 3456 1332 311 1900 1476 3016 353 815 3501 2667 1550 649 740 2350 2382 3118 188 2218 3305 1208 1869 2356 193 775 1502 535 2467 339 257 377 2462 1278 3177 818 745 298
2202 192 3455 1648 913 1075 970 532 490 498 2850 1367 2034 2739 1069 751 1902 1918 2128 3438 1756 3152 2465 2660 2269 2614 860 1069 3037 2198 632 2869 2255 2931 3351 1553 2414 3148 1315 2582 1506 3455 589 1199 842 2628 1133 2426 2757 1603 1428 1647 1394 3049 2044 3220 966 198 2002 1464 927 1391 1589 2821 3389 2906 2401 2295 1266 485 341 2052 2621
3181 3284 529 1573 3019 1703 2595 1313 75 2624 649 395 1345 701 2515 530 1812 1005 1735 1387 143 2371 1879 2702 959 1817 1098 575 1539 1324 298 3144 2865 2712 2395 1094 3284 1477 3502 2150 18 1588 3254 2210 2963 653 121 2167 636 3012 1677 409 2337 1186 2071 1979 2699 506 1405 207 598 2427 806 1850 1855 1169 2952 2777 1245 810 1761 497 758
710 3232 2722 1472 3319 2507 595 992 2002 2947 1207 1844 1839 1435 2535 1298 2918 1180 698 2223 1997 319 1813 899 2926 417 3141 9 198 3478 3227 3421 809 245 2166 3493 1077 3185 812 1001 821 1295 2253 2757 1497 1259 2184 1813 797 300 1942 3371 832 2405 215 1348 2618 3481 2115 989 827 1218 306 548 477 2789 2621 1180 2582 2141 3040 1189 2857
3175 1860 3394 202 814 137 525 2457 231 1549 1913 248 3389 3471 1986 625 3039 2305 2645 3321 2931 2336 3343 789 2889 2879 688 3503 1584 351 684 1629 3244 1349 1391 231 1343 1841 2430 848 915 1858 1811 2294 519 2910 771 1806 1581 1306 2373 2067 2085 3300 3113 2895 117 3501 3219 1934 2659 3480 2572 2448 230 1042 3397 438 558 1109 682 983 1661
1477 2994 1425 3075 1177 1358 894 1635 1277 444 1016 2908 1431 2292 3036 2011 881 618 303 1746 3016 662 2180 1895 3117 675 2624 444 2068 2850 3422 2886 1891 60 3103 2540 1052 2654 995 3125 3180 203 1895 2088 1447 2604 2859 1190 2847 3243 3161 3051 626 2933 1265 1708 691 76 905 1400 1513 981 833 1170 1767 600 2854 1668 3463 1645 2024 190 1259
836 3324 2316 1499 89 988 66 1085 2297 1433 1322 773 1143 338 1001 1951 2238 17 2492 1636 657 3330 491 2883 1535 2903 1110 1653 1514 1297 2826 3164 3473 399 1519 255 780 3485 1895 319 2553 1441 42 3034 2814 385 667 310 1697 2771 1713 3010 2414 1979 2839 2160 2330 3385 265 2043 2682 1409 2467 3083 1256 2686 3122 1784 261 1364 1962 2065 1536
1698 1062 3122 2990 2558 3496 1566 1800 453 403 3298 387 2998 932 1708 905 559 836 413 379 348 2696 3124 1675 3300 1374 1319 350 389 3276 632 2239 1352 263 3131 3049 1067 474 2542 1130 2917 560 222 3283 1898 149 980 2858 3417 1848 1361 2389 1782 3056 654 2501 2458 1176 3498 835 3483 2116 3373 1212 880 2935 17 3491 761 1119 3166 3363 1095
1032 1955 2155 2247 1079 3481 54 1329 986 1127 3434 1356 3097 1109 1859 1429 3137 2310 1074 1744 681 1747 3453 1956 336 3368 2489 861 3329 328 1370 340 1510 144 2086 1961 1605 1137 2283 2868 1666 3003 3236 2885 1850 903 610 1209 3211 761 3364 1406 939 3008 3167 153 3129 1719 462 2690 732 593 3137 880 3496 334 2152 342 621 91 1427 3395 3495
2084 1200 3397 215 3235 3362 2751 2506 3142 1731 2961 1272 1759 698 3144 426 2000 3221 3317 1588 3358 1131 902 277 2496 2215 1665 2151 50 3126 1349 1938 1607 3069 1766 3396 2834 464 1387 1950 1712 403 1894 3076 2028 2545 420 2743 2908 1371 264 1557 994 1267 2336 2204 1975 265 2140 3187 129 3387 469 1051 1798 2811 2599 2812 723 2181 1819 1328 2833
2446 3092 2431 2214 757 972 3028 3371 433 2503 76 2441 3240 2067 402 953 1299 1332 1369 1084 1959 653 1771 3418 900 1786 2234 377 2797 3238 2980 2568 1485 3276 2212 2221 2244 1947 1418 2746 1347 2270 1167 510 1293 3317 640 3496 3191 2886 3406 1371 1245 2524 1240 915 2369 531 2199 2126 2852 3038 1447 2114 2231 2972 1953 1062 1713 1034 804 3090 1519
2614 1656 1891 1154 3277 1554 181 3056 3246 636 2381 2878 2927 402 2840 2804 1529 2112 3096 928 2341 2318 3300 1836 1639 1764 1463 1398 1767 417 688 1696 3124 1038 3014 273 2188 2889 3500 1758 2959 2319 699 1792 2695 3200 378 111 1138 2137 2474 410 1938 2198 2205 2149 3065 3023 3308 571 93 1560 2346 237 2072 2214 2393 2338 1576 576 2511 257 1485
1509 1443 2548 2184 673 763 2830 3409 2962 278 517 71 1793 1126 547 649 2442 3194 1284 422 1423 3400 2790 2721 1508 2764 1127 2481 2085 1832 783 2624 786 1543 270 1029 1663 3043 1099 1988 2521 444 2664 2640 1908 1573 2777 2642 1519 2294 2971 645 1629 3073 3143 2340 668 752 845 313 1354 1881 1157 3374 2580 971 2237 1286 679 1725 3159 318 202
1690 2381 2072 3096 2622 443 1408 3107 1816 2915 1440 484 2737 1061 2344 2841 2943 2016 2001 381 1676 2589 1343 3178 3307 33 346 3317 2064 2092 3192 1950 382 2204 194 3426 2986 3501 1684 639 1961 794 1872 3043 176 3009 367 2850 359 2208 1051 2923 2354 2774 1459 1429 871 3314 2027 1 799 1767 819 2399 962 2526 3442 667 313 983 2707 1336 1310
390 2410 3112 3047 601 578 909 639 2184 71 3484 854 1501 3267 2869 938 967 1993 3331 2523 2300 1703 1411 452 1416 972 1633 3074 257 1562 1745 369 1028 3376 1368 2186 1712 1552 2665 2386 1442 3220 2682 3003 2159 1166 806 3212 2257 1971 3314 3430 473 463 1234 786 718 2650 2552 3010 3340 1893 1231 482 2259 2255 2356 2658 1375 2631 3478 3086 1681
1151 352 87 3074 771 1070 476 3044 1940 1464 1105 1267 1679 3324 750 345 1073 3157 3051 2457 1998 1562 2172 3180 1261 1412 35 2133 72 2987 2660 1309 1553 1485 1342 2561 77 1267 3047 403 41 1779 1835 1310 2813 2795 826 2032 490 2194 2663 2002 772 3370 3342 1212 2073 2546 1537 1437 2178 1043 1292 1493 3079 970 1020 1350 340 1374 2296 2931 988
3045 2617 3359 3290 1207 629 2124 898 661 346 3275 2244 3134 825 370 2129 2532 2249 1653 2835 1771 2425 414 1776 2029 1659 1096 230 728 179 1887 2891 2582 1888 2406 2377 334 3465 1366 1205 1237 2248 1477 1765 9 1241 1006 3172 3400 2371 279 1155 3422 1363 2811 1451 1594 620 309 3459 2071 901 1298 3482 3207 638 1483 3126 1302 3368 1967 1578 405
2009 215 377 1207 1226 2537 1397 1526 1796 2300 891 1451 339 1339 2172 1841 393 2134 587 666 2790 1766 2664 1393 2130 552 2034 1342 1487 2838 485 1587 818 2041 1831 2792 263 187 2169 3266 3116 548 2487 3087 421 2349 1631 31 3296 85 1395 258 1692 999 1163 1129 492 2291 8 196 605 720 2474 3247 2157 1206 594 3465 47 2637 79 3026 2027
1796 1696 1423 74 1709 3084 2005 2616 3028 2945 1787 1609 138 2199 858 3503 688 686 2181 657 2556 235 1651 769 150 3398 1868 3345 2953 353 2062 279 133 1462 1124 1007 1599 1780 910 1141 2602 1528 2785 3106 907 3329 176 3277 3253 565 3310 2336 1363 2290 313 3005 297 2277 2476 1973 3069 754 1351 3073 1752 2406 332 495 1592 925 3358 1694 2220
2021 3499 2392 625 3422 2636 1580 1403 1762 958 1418 111 2913 435 1044 1448 1320 235 1542 1068 1374 1052 1963 1423 595 2013 1036 1257 2270 1354 896 1160 146 1920 1568 968 1225 218 1931 3014 686 1396 158 332 2330 2285 1371 3406 3283 1622 1440 2191 806 1375 2026 2696 3394 1017 3261 499 2675 2180 505 1849 790 1494 1505 3364 2129 2962 2396 3106 1795
163 900 3201 991 2200 2176 3408 2829 1723 1306 1781 3233 2176 1501 729 2682 496 219 808 329 2183 292 531 806 2857 2994 1254 1371 1084 957 554 423 3067 1525 1802 2346 1777 540 1659 1297 3499 1337 2276 347 3324 1178 3403 775 1987 1249 2139 1607 1055 2490 1795 3035 1370 1815 2998 2915 2173 1685 1913 2143 1636 3438 920 1394 900 2320 1846 2588 3454
1705 595 478 1921 592 3281 462 3164 2841 1812 1957 2474 3025 2381 921 3160 500 2043 2403 2203 3472 1222 1677 2753 1673 147 112 2307 3489 1811 2627 930 754 2871 1381 2228 3284 2257 2520 3362 405 3254 1803 3365 1310 153 594 2324 239 994 2350 705 2231 1844 1147 1057 606 3198 586 2240 3179 1039 1920 1148 1922 703 2200 2467 901 2427 1197 1224 107
173 1748 3044 2856 3117 1552 1641 3467 1884 1727 3388 1399 1636 747 1184 69 177 1594 1229 394 1706 1986 1579 3151 3117 1962 3176 3301 3394 1462 3154 3432 793 2147 1369 3096 2184 3477 2023 578 2564 491 41 3268 3438 2611 3125 3142 3398 1385 1960 1077 902 1597 1397 1761 2212 2948 3142 1114 1427 146 1094 1816 1453 2501 574 1577 440 1285 2429 1580 3373
2469 2026 2348 3377 301 1941 21 3144 3431 568 893 2605 3332 1706 2123 2063 2847 3234 1728 2615 2104 193 1587 188 1088 723 2073 847 1664 2676 1046 1569 3115 2923 3324 987 1589 2751 2311 1031 400 488 808 3299 2160 1130 511 794 2387 3066 2743 105 2958 376 2650 2162 1307 1835 1265 690 2305 1842 2719 1013 2106 2757 3155 1907 3070 1417 504 2504 1107
3070 714 1754 1395 1755 254 3229 594 2900 2406 678 2201 135 602 1798 2883 25 422 1166 3070 3315 3024 135 201 2803 1867 2928 2925 2997 1659 1900 583 1709 425 2455 3164 178 1628 1269 294 459 3046 2777 2578 3314 427 1530 3161 3074 2403 2514 1746 300 1385 2716 2139 2204 2454 2410 1923 1476 1441 1328 1181 2609 3015 1900 482 1869 1043 2410 129 2786
994 2488 1549 2704 1782 2759 2372 2292 3457 1859 1314 2276 1896 60 2592 686 3473 3169 1362 2135 3434 66 2337 2432 3485 790 1612 832 3426 881 1387 1010 3178 1979 1867 2510 2264 2412 2365 2357 892 1472 866 1552 1763 1246 2642 1741 1137 505 72 418 1653 1108 3257 159 2151 429 1635 51 110 3376 2748 2571 1414 1029 2644 2814 1081 1126 1229 1487 2958
1230 299 384 2431 355 2574 2712 3403 3188 2784 227 3036 1509 2071 2267 2846 1216 2839 2489 545 2274 2316 2318 3303 886 2659 485 551 404 690 766 3054 144 1246 1753 1584 2697 841 1595 2003 2917 4 2476 1780 1358 2014 1577 49 2669 3053 2053 3314 1854 358 101 1990 2254 3134 1553 3386 1954 208 528 2058 706 1198 1053 2148 2115 2279 517 696 1900
3 10
27 10 19 3 22 4 11 21 7 4
3 24 21 13 11 8 28 9 20 23
11 19 14 2 15 13 17 20 4 22
17 62
538 952 605 841 509 41 59 595 417 435 420 995 345 19 365 495 70 1009 54 605 939 328 528 684 236 197 179 989 149 812 260 492 414 218 841 702 969 808 196 972 321 389 98 748 582 162 705 379 386 515 664 58 187 437 58 497 338 671 338 388 72 573
162 948 132 698 597 844 989 672 184 541 680 366 132 1049 684 903 373 672 554 261 800 16 385 441 220 473 905 819 827 121 283 259 652 1039 655 642 1050 903 577 751 1012 107 425 635 934 308 254 461 363 414 734 854 780 886 320 92 1030 419 1024 358 210 966
284 311 125 23 528 691 318 929 425 789 359 448 226 913 70 533 1050 306 555 749 463 959 40 939 678 720 534 825 51 913 922 249 924 1037 836 273 902 760 30 24 95 522 864 705 456 192 949 520 693 812 776 721 749 720 644 117 126 522 398 673 620 897
172 168 752 405 385 365 1007 272 488 291 753 898 191 390 892 477 204 114 264 510 726 958 208 305 502 599 1000 495 975 36 937 874 314 729 961 248 1022 189 359 831 430 290 831 706 67 196 434 807 662 502 762 822 687 326 500 420 107 24 486 143 724 567
897 873 902 553 46 171 244 403 745 121 996 392 1021 542 357 522 81 890 305 333 860 192 123 256 525 372 813 441 795 780 243 624 245 1012 395 915 599 932 142 666 932 873 693 804 252 401 307 582 839 446 399 769 480 1005 373 843 465 925 755 195 287 565
745 507 322 239 331 460 769 341 835 628 623 498 932 46 787 15 101 729 954 274 749 822 22 262 238 168 168 348 527 986 703 464 325 217 560 296 93 592 412 211 1003 306 118 383 645 959 981 416 685 168 950 590 446 932 737 1052 818 201 712 729 171 84
610 598 511 8 711 107 14 520 274 109 603 972 961 963 658 971 1 431 205 128 900 656 199 579 959 363 931 525 652 703 259 735 242 56 662 364 78 1007 927 1043 566 312 111 380 718 460 307 773 655 99 339 664 309 840 454 148 751 869 896 30 585 794
204 183 524 230 650 704 245 844 119 272 921 948 290 843 82 569 185 616 1008 141 758 741 2 979 135 777 296 917 738 725 915 295 143 401 628 576 878 546 491 587 223 578 88 26 146 554 255 788 781 775 854 662 276 1025 432 160 39 352 176 453 823 503
356 492 163 678 373 199 297 540 1020 187 165 69 602 313 148 395 109 124 212 1046 493 23 964 765 735 512 767 835 142 660 356 807 774 432 724 869 183 308 533 308 150 304 661 377 935 742 764 848 968 1025 74 411 887 678 592 521 871 739 635 459 991 482
443 960 655 967 787 121 1024 947 462 730 241 819 109 699 19 828 509 313 366 952 131 611 5 249 588 306 50 469 652 392 793 1013 451 660 445 559 949 634 90 36 515 447 1025 23 371 175 273 771 778 1016 314 707 147 762 452 717 76 902 971 531 1047 888
51 556 88 670 516 291 777 114 598 867 1025 705 996 305 32 878 149 646 908 480 225 777 822 316 203 688 895 105 447 421 225 391 963 185 589 722 890 162 249 107 38 1053 1001 97 197 545 176 969 401 9 909 388 982 235 148 606 142 862 636 542 612 479
187 833 1021 528 664 751 910 733 122 996 303 364 93 128 373 949 844 192 623 821 1031 642 1027 113 339 315 639 875 83 353 166 573 544 740 286 291 994 76 218 507 933 582 309 706 512 295 904 845 397 226 806 478 387 312 551 654 566 123 957 664 692 465
779 283 1005 887 654 187 629 504 541 23 432 395 635 23 574 1052 96 66 1012 91 603 597 167 795 645 335 995 129 357 879 863 1000 840 406 499 61 328 770 738 943 15 398 643 709 284 1006 918 630 195 71 275 868 59 811 682 363 871 414 412 443 68 220
933 1036 707 722 984 281 287 468 655 1003 735 422 779 326 131 906 572 1032 925 485 138 655 535 475 261 912 919 144 1040 293 293 860 700 129 83 418 327 935 235 552 399 724 392 1010 674 290 1031 1014 587 184 368 56 23 285 793 997 763 935 160 682 388 80
653 596 3 572 165 319 264 748 635 22 42 224 423 746 14 810 289 335 616 599 342 870 833 878 583 843 490 250 562 929 190 394 529 610 606 989 370 27 498 997 223 861 226 791 278 797 403 624 317 720 830 322 488 622 246 367 549 552 319 190 741 938
453 293 157 221 588 155 230 393 329 968 148 515 66 200 1017 458 124 534 237 329 806 420 747 441 1053 649 149 802 202 785 340 944 37 558 300 377 159 700 172 794 506 921 66 811 467 694 404 123 73 567 146 387 727 94 333 861 918 1025 494 1053 863 584
640 40 310 550 741 595 318 302 730 78 236 766 900 131 343 384 83 49 923 419 49 279 405 898 624 899 906 819 130 199 611 438 654 127 922 390 984 823 721 261 603 186 604 198 59 194 34 623 223 242 940 382 599 191 776 910 534 240 296 917 829 972
48 73
3308 3501 696 1889 734 523 307 3255 1059 1666 660 2701 3326 1584 395 1363 1380 1870 2883 1110 937 1447 2876 1049 2378 3088 315 1172 1718 977 1864 1343 192 2397 1843 1228 56 2675 375 955 604 1016 60 102 3215 275 1441 1347 273 1527 191 1265 1916 2302 1460 2827 116 874 240 3214 758 2720 3281 3370 196 999 3006 1633 3063 1490 1018 2577 1674
862 2370 1768 575 3310 2363 2543 1373 449 426 2013 223 1180 2833 1372 450 1562 1991 2443 3471 2739 1453 1888 2775 1419 309 1533 1483 2691 3302 1602 2838 1788 408 262 3364 939 2249 2026 2440 3450 330 1251 3098 1472 2667 1643 993 2096 282 1920 1209 3124 286 816 1035 2367 946 303 1088 2571 499 2197 3159 2562 95 1082 2322 3171 3102 2684 2671 285
2877 1249 2751 1879 3443 3119 913 1020 810 1434 2050 1795 1582 1344 1091 856 2539 5 2896 869 2585 1488 779 2554 469 651 3435 2173 2390 2644 1968 1349 1096 1060 81 625 1308 259 678 3253 2642 3099 2585 3329 593 573 3330 722 267 219 1340 504 2647 3297 2003 339 96 265 2050 251 1431 3203 103 513 529 2161 574 1329 1154 2574 3390 2038 1003
1879 1978 2636 2159 1098 863 3104 2062 11 1573 244 2855 978 1719 1103 942 1240 2902 383 1530 762 2442 190 763 1567 583 3185 795 500 3218 1729 525 2571 3441 1198 1277 1152 807 58 3028 1910 2918 1394 3211 2654 2589 603 354 2405 1199 2711 1486 80 1348 1624 2788 2570 1250 336 1169 93 2748 1283 2001 2846 931 566 2630 585 3213 2463 1217 786
1285 2393 1751 2174 1956 26 1954 668 1139 1147 305 699 1506 1881 651 297 295 1103 2564 142 3101 1959 243 354 1543 2718 1193 1775 2423 2824 2118 2979 3402 2074 2066 2799 2272 2904 182 113 2510 2811 442 1139 2693 1315 3122 993 939 2551 955 2405 2113 1212 3320 3278 64 1436 847 3112 3214 630 3496 617 2926 3303 915 3476 2666 711 2341 1696 2558
1105 3351 1419 145 1454 471 1869 3300 2780 1712 1792 1276 422 1112 72 3087 849 3416 1851 2097 2683 2256 952 1555 447 982 2166 2344 1150 2474 3080 819 1566 2943 56 1364 1695 988 2554 3133 2498 3154 3091 2034 1220 1417 422 1099 299 762 3186 698 2463 3166 3312 839 518 1799 1712 2241 625 1327 2328 2215 1592 1164 2413 3298 3187 2743 1106 8 1584
3410 2224 2466 2662 2201 2493 2508 1087 11 3203 945 3471 166 2541 1123 1441 2063 2143 1431 2143 1700 1927 374 3193 2868 364 1646 417 1516 732 2383 217 68 3214 2580 171 2965 956 2251 491 3220 2529 2221 2661 552 440 3236 215 2626 1636 530 2857 1836 610 711 2662 656 874 3238 1099 1708 2253 177 2018 3373 2761 3291 1096 750 2496 615 1928 3078
815 281 2965 648 564 1760 2893 747 794 3190 2097 2153 2796 506 2941 2790 3463 1009 2097 1289 1057 2941 2926 2282 1392 3269 3228 2512 2435 3348 2388 693 2123 1007 1585 1347 2085 380 2769 2120 1781 2469 423 3207 3000 986 504 824 706 650 724 1014 1352 3367 2789 3151 986 753 799 3138 3401 1993 1325 1310 2978 2966 3010 436 2192 2944 1929 930 2599
571 1313 3081 1329 1588 41 2008 1942 1309 1369 2651 3047 440 662 81 2803 58 3477 3052 2495 479 2243 1712 2535 2225 3206 176 3395 2611 1463 2634 2400 1528 603 2423 2460 1631 2164 3028 2507 249 939 226 2819 2373 3165 1090 3477 1289 1829 3408 2391 764 2538 3117 300 1058 2873 1776 2455 2565 180 369 2764 107 1066 1988 2101 2791 3423 1924 1416 567
2187 132 3432 1903 412 2191 316 3257 1603 1732 1606 1443 2070 90 1128 2504 1214 529 1184 3448 678 1659 2160 2828 2626 320 879 1107 3144 2988 2612 274 2698 2558 2961 1667 2572 943 2700 3471 2866 2980 2654 1394 2251 2241 2483 1738 1080 2410 3504 2787 2628 3275 122 717 2132 3172 198 539 19 905 2954 575 3410 2336 471 2248 249 312 1212 1854 2754
3132 2919 2174 3199 1290 273 2853 3394 1734 1703 2931 294 1375 294 1994 277 1157 525 520 2931 2138 1839 2744 1004 1529 77 3428 1365 442 1642 1731 2194 3415 2091 583 773 3458 1613 2472 2284 556 292 2138 2976 428 2354 2590 3118 207 327 2965 1010 954 2218 84 3350 61 2670 584 2682 3223 2744 2264 1940 1720 3347 1252 2009 2784 3327 2553 3316 2801
432 2383 3326 2392 1293 1916 2790 2096 309 3492 2804 3333 3234 2260 1 2073 1523 1865 353 844 2535 2566 2211 1235 1942 1630 2216 2907 2607 869 373 596 2789 2500 3419 503 1098 349 329 941 966 356 56 2364 937 1846 1969 864 2887 1912 1689 523 245 148 490 567 2547 2161 2156 1139 1205 1748 2600 2165 2782 215 2155 1623 1909 2105 2373 681 630
1522 2273 401 3171 2856 1664 2476 2315 2100 1549 1108 808 681 340 2857 1340 2491 1185 1578 3351 698 3051 2182 198 1945 2652 288 2250 1271 2853 195 957 809 2619 1776 2700 2337 2825 32 2582 1166 3199 762 728 2536 248 1468 1862 724 2111 3331 2269 300 1896 174 3380 27 591 169 111 1400 2831 1094 2725 2258 1855 573 1617 2665 2555 1911 782 2912
3496 1727 855 193 1762 3175 3137 3412 1054 2642 1913 294 1368 3344 209 726 618 2821 2723 3428 967 2276 2149 3161 800 2863 2851 2909 494 3296 2972 3371 2667 229 2337 9 1212 2316 2147 3125 257 1265 3279 3221 1263 3248 2009 2333 657 1095 3413 2109 3425 2091 3158 3326 2231 3431 3209 1982 3029 2021 1921 1208 2940 2808 738 3186 2659 398 3109 1978 35
1611 1346 1788 2664 2141 3403 3414 856 363 1384 2271 445 1388 1214 2275 968 1618 276 2255 2000 1469 803 3023 1197 2677 1859 2591 695 1359 2516 3212 2192 304 2609 392 1850 3347 2556 2311 2293 1200 2211 781 2700 1989 1101 654 3249 3252 446 3481 3455 2734 1600 3053 570 2818 2735 2501 1999 1166 425 1908 2572 1711 1332 2245 1061 850 563 2342 1624 2605
726 1946 2252 2187 1316 3504 2065 424 935 3016 3456 651 2797 1134 450 630 3260 1232 1487 2179 1659 3276 274 1943 1489 1176 2960 385 161 2297 2066 3302 675 1200 3164 1662 3352 814 3462 187 2935 1314 1544 1415 585 2425 3229 611 3405 983 296 2919 2978 13 939 2693 3371 1604 2655 2676 2349 1132 1424 829 1839 3181 1907 1415 584 22 478 1749 608
3115 558 3501 1380 3215 2293 860 3031 3135 3461 372 1172 32 350 1866 411 1746 129 632 2658 337 3483 1447 3447 426 253 1468 552 3126 1190 450 2646 2110 3398 2250 662 2559 163 319 1807 3247 210 2550 203 236 200 1143 1782 961 3071 240 1713 428 1128 2349 560 1909 2891 525 1942 1014 4 2607 3306 2485 2767 3248 394 2840 370 3040 3208 2414
3000 1749 1233 3024 2826 341 1427 2260 2180 2522 534 601 1238 1164 1516 3381 236 1466 2384 2195 1974 308 1970 335 2791 860 1765 3130 1205 180 849 1215 1098 1646 2997 2404 3165 535 1607 3034 476 763 202 3404 1100 2656 2889 3362 3088 1646 1932 1681 3293 235 3475 988 3262 1184 2329 2756 2752 3078 628 1186 1298 620 3025 219 982 1732 3465 2175 3315
115 1933 1214 56 3251 2366 2416 1505 1214 2127 394 821 3306 3 1715 139 1932 2255 2883 2160 2625 1269 1831 2486 2651 3033 1369 337 2430 1829 1443 921 26 2532 1059 827 146 554 1168 2314 2858 973 1862 291 2757 3468 380 2399 2844 2902 3460 1572 3401 650 2469 2464 3376 512 214 434 2386 3169 3437 3055 928 3271 2515 2733 116 2458 802 827 2892
484 571 1172 337 2772 2989 609 2062 477 2031 531 1151 2918 1090 1917 3355 318 806 898 850 3456 2838 2641 1995 1809 1633 3055 1570 3233 635 3420 1542 2478 2319 375 3319 2006 2066 1687 3107 3277 438 467 925 2136 638 975 723 2733 722 2811 2723 2971 722 2141 1397 892 2113 1433 1489 3248 740 3374 589 2574 2607 2474 1731 582 2512 2331 596 880
2205 2346 2415 3355 1312 2541 3492 1383 761 198 1295 2840 3264 1653 2245 3100 401 1943 2583 3045 2369 2390 3487 1411 3372 106 2164 749 2790 811 346 452 2885 495 3047 1496 1404 1886 1650 2157 1953 2637 3222 2304 2225 1951 870 1973 1256 548 3002 512 1878 3478 3364 444 1873 1818 416 128 1827 2778 3399 1293 2749 772 2979 1094 1146 165 1895 3138 2436
2029 543 941 1636 52 1225 447 810 3013 967 2616 1483 360 1791 426 1736 1310 819 493 1667 247 579 546 1974 2960 839 3430 2690 3161 2872 3209 2944 1182 2994 3248 332 1244 3456 1332 311 1900 1476 3016 353 815 3501 2667 1550 649 740 2350 2382 3118 188 2218 3305 1208 1869 2356 193 775 1502 535 2467 339 257 377 2462 1278 3177 818 745 298
2202 192 3455 1648 913 1075 970 532 490 498 2850 1367 2034 2739 1069 751 1902 1918 2128 3438 1756 3152 2465 2660 2269 2614 860 1069 3037 2198 632 2869 2255 2931 3351 1553 2414 3148 1315 2582 1506 3455 589 1199 842 2628 1133 2426 2757 1603 1428 1647 1394 3049 2044 3220 966 198 2002 1464 927 1391 1589 2821 3389 2906 2401 2295 1266 485 341 2052 2621
3181 3284 529 1573 3019 1703 2595 1313 75 2624 649 395 1345 701 2515 530 1812 1005 1735 1387 143 2371 1879 2702 959 1817 1098 575 1539 1324 298 3144 2865 2712 2395 1094 3284 1477 3502 2150 18 1588 3254 2210 2963 653 121 2167 636 3012 1677 409 2337 1186 2071 1979 2699 506 1405 207 598 2427 806 1850 1855 1169 2952 2777 1245 810 1761 497 758
710 3232 2722 1472 3319 2507 595 992 2002 2947 1207 1844 1839 1435 2535 1298 2918 1180 698 2223 1997 319 1813 899 2926 417 3141 9 198 3478 3227 3421 809 245 2166 3493 1077 3185 812 1001 821 1295 2253 2757 1497 1259 2184 1813 797 300 1942 3371 832 2405 215 1348 2618 3481 2115 989 827 1218 306 548 477 2789 2621 1180 2582 2141 3040 1189 2857
3175 1860 3394 202 814 137 525 2457 231 1549 1913 248 3389 3471 1986 625 3039 2305 2645 3321 2931 2336 3343 789 2889 2879 688 3503 1584 351 684 1629 3244 1349 1391 231 1343 1841 2430 848 915 1858 1811 2294 519 2910 771 1806 1581 1306 2373 2067 2085 3300 3113 2895 117 3501 3219 1934 2659 3480 2572 2448 230 1042 3397 438 558 1109 682 983 1661
1477 2994 1425 3075 1177 1358 894 1635 1277 444 1016 2908 1431 2292 3036 2011 881 618 303 1746 3016 662 2180 1895 3117 675 2624 444 2068 2850 3422 2886 1891 60 3103 2540 1052 2654 995 3125 3180 203 1895 2088 1447 2604 2859 1190 2847 3243 3161 3051 626 2933 1265 1708 691 76 905 1400 1513 981 833 1170 1767 600 2854 1668 3463 1645 2024 190 1259
836 3324 2316 1499 89 988 66 1085 2297 1433 1322 773 1143 338 1001 1951 2238 17 2492 1636 657 3330 491 2883 1535 2903 1110 1653 1514 1297 2826 3164 3473 399 1519 255 780 3485 1895 319 2553 1441 42 3034 2814 385 667 310 1697 2771 1713 3010 2414 1979 2839 2160 2330 3385 265 2043 2682 1409 2467 3083 1256 2686 3122 1784 261 1364 1962 2065 1536
1698 1062 3122 2990 2558 3496 1566 1800 453 403 3298 387 2998 932 1708 905 559 836 413 379 348 2696 3124 1675 3300 1374 1319 350 389 3276 632 2239 1352 263 3131 3049 1067 474 2542 1130 2917 560 222 3283 1898 149 980 2858 3417 1848 1361 2389 1782 3056 654 2501 2458 1176 3498 835 3483 2116 3373 1212 880 2935 17 3491 761 1119 3166 3363 1095
1032 1955 2155 2247 1079 3481 54 1329 986 1127 3434 1356 3097 1109 1859 1429 3137 2310 1074 1744 681 1747 3453 1956 336 3368 2489 861 3329 328 1370 340 1510 144 2086 1961 1605 1137 2283 2868 1666 3003 3236 2885 1850 903 610 1209 3211 761 3364 1406 939 3008 3167 153 3129 1719 462 2690 732 593 3137 880 3496 334 2152 342 621 91 1427 3395 3495
2084 1200 3397 215 3235 3362 2751 2506 3142 1731 2961 1272 1759 698 3144 426 2000 3221 3317 1588 3358 1131 902 277 2496 2215 1665 2151 50 3126 1349 1938 1607 3069 1766 3396 2834 464 1387 1950 1712 403 1894 3076 2028 2545 420 2743 2908 1371 264 1557 994 1267 2336 2204 1975 265 2140 3187 129 3387 469 1051 1798 2811 2599 2812 723 2181 1819 1328 2833
2446 3092 2431 2214 757 972 3028 3371 433 2503 76 2441 3240 2067 402 953 1299 1332 1369 1084 1959 653 1771 3418 900 1786 2234 377 2797 3238 2980 2568 1485 3276 2212 2221 2244 1947 1418 2746 1347 2270 1167 510 1293 3317 640 3496 3191 2886 3406 1371 1245 2524 1240 915 2369 531 2199 2126 2852 3038 1447 2114 2231 2972 1953 1062 1713 1034 804 3090 1519
2614 1656 1891 1154 3277 1554 181 3056 3246 636 2381 2878 2927 402 2840 2804 1529 2112 3096 928 2341 2318 3300 1836 1639 1764 1463 1398 1767 417 688 1696 3124 1038 3014 273 2188 2889 3500 1758 2959 2319 699 1792 2695 3200 378 111 1138 2137 2474 410 1938 2198 2205 2149 3065 3023 3308 571 93 1560 2346 237 2072 2214 2393 2338 1576 576 2511 257 1485
1509 1443 2548 2184 673 763 2830 3409 2962 278 517 71 1793 1126 547 649 2442 3194 1284 422 1423 3400 2790 2721 1508 2764 1127 2481 2085 1832 783 2624 786 1543 270 1029 1663 3043 1099 1988 2521 444 2664 2640 1908 1573 2777 2642 1519 2294 2971 645 1629 3073 3143 2340 668 752 845 313 1354 1881 1157 3374 2580 971 2237 1286 679 1725 3159 318 202
1690 2381 2072 3096 2622 443 1408 3107 1816 2915 1440 484 2737 1061 2344 2841 2943 2016 2001 381 1676 2589 1343 3178 3307 33 346 3317 2064 2092 3192 1950 382 2204 194 3426 2986 3501 1684 639 1961 794 1872 3043 176 3009 367 2850 359 2208 1051 2923 2354 2774 1459 1429 871 3314 2027 1 799 1767 819 2399 962 2526 3442 667 313 983 2707 1336 1310
390 2410 3112 3047 601 578 909 639 2184 71 3484 854 1501 3267 2869 938 967 1993 3331 2523 2300 1703 1411 452 1416 972 1633 3074 257 1562 1745 369 1028 3376 1368 2186 1712 1552 2665 2386 1442 3220 2682 3003 2159 1166 806 3212 2257 1971 3314 3430 473 463 1234 786 718 2650 2552 3010 3340 1893 1231 482 2259 2255 2356 2658 1375 2631 3478 3086 1681
1151 352 87 3074 771 1070 476 3044 1940 1464 1105 1267 1679 3324 750 345 1073 3157 3051 2457 1998 1562 2172 3180 1261 1412 35 2133 72 2987 2660 1309 1553 1485 1342 2561 77 1267 3047 403 41 1779 1835 1310 2813 2795 826 2032 490 2194 2663 2002 772 3370 3342 1212 2073 2546 1537 1437 2178 1043 1292 1493 3079 970 1020 1350 340 1374 2296 2931 988
3045 2617 3359 3290 1207 629 2124 898 661 346 3275 2244 3134 825 370 2129 2532 2249 1653 2835 1771 2425 414 1776 2029 1659 1096 230 728 179 1887 2891 2582 1888 2406 2377 334 3465 1366 1205 1237 2248 1477 1765 9 1241 1006 3172 3400 2371 279 1155 3422 1363 2811 1451 1594 620 309 3459 2071 901 1298 3482 3207 638 1483 3126 1302 3368 1967 1578 405
2009 215 377 1207 1226 2537 1397 1526 1796 2300 891 1451 339 1339 2172 1841 393 2134 587 666 2790 1766 2664 1393 2130 552 2034 1342 1487 2838 485 1587 818 2041 1831 2792 263 187 2169 3266 3116 548 2487 3087 421 2349 1631 31 3296 85 1395 258 1692 999 1163 1129 492 2291 8 196 605 720 2474 3247 2157 1206 594 3465 47 2637 79 3026 2027
1796 1696 1423 74 1709 3084 2005 2616 3028 2945 1787 1609 138 2199 858 3503 688 686 2181 657 2556 235 1651 769 150 3398 1868 3345 2953 353 2062 279 133 1462 1124 1007 1599 1780 910 1141 2602 1528 2785 3106 907 3329 176 3277 3253 565 3310 2336 1363 2290 313 3005 297 2277 2476 1973 3069 754 1351 3073 1752 2406 332 495 1592 925 3358 1694 2220
2021 3499 2392 625 3422 2636 1580 1403 1762 958 1418 111 2913 435 1044 1448 1320 235 1542 1068 1374 1052 1963 1423 595 2013 1036 1257 2270 1354 896 1160 146 1920 1568 968 1225 218 1931 3014 686 1396 158 332 2330 2285 1371 3406 3283 1622 1440 2191 806 1375 2026 2696 3394 1017 3261 499 2675 2180 505 1849 790 1494 1505 3364 2129 2962 2396 3106 1795
163 900 3201 991 2200 2176 3408 2829 1723 1306 1781 3233 2176 1501 729 2682 496 219 808 329 2183 292 531 806 2857 2994 1254 1371 1084 957 554 423 3067 1525 1802 2346 1777 540 1659 1297 3499 1337 2276 347 3324 1178 3403 775 1987 1249 2139 1607 1055 2490 1795 3035 1370 1815 2998 2915 2173 1685 1913 2143 1636 3438 920 1394 900 2320 1846 2588 3454
1705 595 478 1921 592 3281 462 3164 2841 1812 1957 2474 3025 2381 921 3160 500 2043 2403 2203 3472 1222 1677 2753 1673 147 112 2307 3489 1811 2627 930 754 2871 1381 2228 3284 2257 2520 3362 405 3254 1803 3365 1310 153 594 2324 239 994 2350 705 2231 1844 1147 1057 606 3198 586 2240 3179 1039 1920 1148 1922 703 2200 2467 901 2427 1197 1224 107
